         1	         1	3.724026e+01	6.113239e+06	6.113276e+06
         2	         2	8.308067e+01	5.918068e+06	5.918151e+06
         3	         3	1.242801e+02	5.849850e+06	5.849975e+06
         4	         4	1.734181e+02	5.808152e+06	5.808326e+06
         5	         5	2.208317e+02	5.793650e+06	5.793871e+06
         6	         6	2.676576e+02	5.788928e+06	5.789196e+06
         7	         7	3.041186e+02	5.775488e+06	5.775792e+06
         8	         8	3.526518e+02	5.772755e+06	5.773107e+06
         9	         9	3.875024e+02	5.764436e+06	5.764824e+06
        10	        10	4.320000e+02	5.761246e+06	5.761678e+06
        11	        11	4.793598e+02	5.760075e+06	5.760554e+06
        12	        12	5.249795e+02	5.758369e+06	5.758894e+06
        13	        13	5.725868e+02	5.756930e+06	5.757503e+06
        14	        14	6.161165e+02	5.755771e+06	5.756387e+06
        15	        15	6.543529e+02	5.755003e+06	5.755658e+06
        16	        16	6.957076e+02	5.754461e+06	5.755157e+06
        17	        17	7.360356e+02	5.754039e+06	5.754775e+06
        18	        18	7.764587e+02	5.753680e+06	5.754456e+06
        19	        17	7.319255e+02	5.753467e+06	5.754199e+06
        20	        18	7.686030e+02	5.752246e+06	5.753014e+06
        21	        19	8.070246e+02	5.751788e+06	5.752595e+06
        22	        20	8.404409e+02	5.751464e+06	5.752304e+06
        23	        21	8.718445e+02	5.751205e+06	5.752077e+06
        24	        22	9.220770e+02	5.750550e+06	5.751472e+06
        25	        23	9.524902e+02	5.749896e+06	5.750849e+06
        26	        24	9.971551e+02	5.741210e+06	5.742207e+06
        27	        25	1.033777e+03	5.740545e+06	5.741579e+06
        28	        26	1.061561e+03	5.740103e+06	5.741165e+06
        29	        27	1.082552e+03	5.739970e+06	5.741052e+06
        30	        26	1.087855e+03	5.738347e+06	5.739435e+06
        31	        27	1.121422e+03	5.737814e+06	5.738935e+06
        32	        28	1.157338e+03	5.737615e+06	5.738772e+06
        33	        29	1.195051e+03	5.737015e+06	5.738211e+06
        34	        28	1.164317e+03	5.736709e+06	5.737873e+06
        35	        29	1.189962e+03	5.736477e+06	5.737667e+06
        36	        30	1.218337e+03	5.736357e+06	5.737575e+06
        37	        31	1.249759e+03	5.736197e+06	5.737447e+06
        38	        32	1.283553e+03	5.736090e+06	5.737374e+06
        39	        33	1.315315e+03	5.735987e+06	5.737302e+06
        40	        34	1.347067e+03	5.735872e+06	5.737219e+06
        41	        33	1.319850e+03	5.735827e+06	5.737147e+06
        42	        32	1.292050e+03	5.735826e+06	5.737118e+06
