1.009187e+00		1.053216e+00		4.671137e-01
7.084502e-01		1.052406e+00		3.898064e+00
7.451883e-01		1.056052e+00		4.821085e+00
7.773464e-01		1.064334e+00		5.165047e+00
8.905624e-01		1.043626e+00		3.017992e+00
6.756029e-01		9.935612e-01		2.683503e+00
7.546892e-01		1.107250e+00		4.118002e+00
9.003036e-01		1.109123e+00		2.413465e+00
6.751178e-01		1.062257e+00		2.793471e+00
8.743302e-01		1.227585e+00		8.210149e-01
8.990962e-01		1.053069e+00		2.775206e+00
6.596984e-01		1.168839e+00		9.814434e-01
6.261369e-01		1.077215e+00		1.363031e+00
6.060962e-01		9.363422e-01		1.263177e+00
7.115537e-01		1.182620e+00		1.452827e+00
7.676336e-01		1.097449e+00		4.527956e+00
8.175952e-01		9.555119e-01		3.192166e+00
8.743666e-01		1.159119e+00		2.094384e+00
7.087009e-01		1.088288e+00		3.495546e+00
8.806484e-01		9.383941e-01		1.691381e+00
7.513446e-01		1.081403e+00		4.632582e+00
8.512647e-01		9.965537e-01		3.607917e+00
8.109294e-01		1.198883e+00		1.680286e+00
7.751695e-01		1.075844e+00		5.012939e+00
5.843592e-01		1.029465e+00		8.113513e-01
6.820171e-01		9.256394e-01		1.836206e+00
8.692433e-01		1.134231e+00		2.729715e+00
6.566517e-01		9.948444e-01		2.200009e+00
8.277046e-01		1.100308e+00		4.276635e+00
9.264322e-01		1.005056e+00		1.693004e+00
8.886000e-01		9.698423e-01		2.127870e+00
8.235541e-01		8.927811e-01		1.424829e+00
7.127019e-01		9.140582e-01		1.938991e+00
8.518824e-01		1.063388e+00		4.211988e+00
5.581952e-01		1.059719e+00		4.531509e-01
8.190185e-01		1.260709e+00		5.516737e-01
8.145134e-01		1.056432e+00		5.039205e+00
8.078754e-01		1.126721e+00		3.810478e+00
7.828383e-01		9.405951e-01		2.999312e+00
9.048866e-01		9.893421e-01		2.046699e+00
8.119438e-01		9.088188e-01		1.895811e+00
9.754890e-01		1.041181e+00		8.727585e-01
8.886626e-01		1.045263e+00		3.084913e+00
8.699082e-01		1.046742e+00		3.683986e+00
7.744583e-01		1.113210e+00		4.179517e+00
8.482527e-01		1.081030e+00		4.169317e+00
7.069013e-01		1.098772e+00		3.254362e+00
7.317947e-01		9.337481e-01		2.586612e+00
7.992307e-01		9.321917e-01		2.658132e+00
1.014859e+00		1.293687e+00		3.247285e-02
8.979455e-01		9.978919e-01		2.348737e+00
8.656680e-01		1.250929e+00		5.673845e-01
7.025646e-01		9.790806e-01		3.161172e+00
8.086083e-01		8.538545e-01		8.128708e-01
8.708790e-01		9.318606e-01		1.723558e+00
6.324243e-01		1.040889e+00		1.675539e+00
5.178323e-01		8.302027e-01		4.227895e+00
7.203442e-01		1.044587e+00		4.269415e+00
6.381544e-01		1.257036e+00		1.466046e-01
6.607105e-01		9.788104e-01		2.162624e+00
8.168008e-01		1.068983e+00		4.928374e+00
7.557770e-01		9.382169e-01		2.892894e+00
6.918402e-01		9.392184e-01		2.195727e+00
8.968465e-01		1.080556e+00		2.779685e+00
6.040236e-01		1.049133e+00		1.054095e+00
7.931093e-01		1.164851e+00		2.653706e+00
8.757190e-01		9.871796e-01		2.775187e+00
6.702870e-01		1.147836e+00		1.459577e+00
7.318555e-01		1.143273e+00		2.732984e+00
9.158149e-01		1.118572e+00		1.915834e+00
6.726227e-01		1.083498e+00		2.509448e+00
7.915198e-01		1.051449e+00		5.252484e+00
7.199888e-01		1.070195e+00		4.079879e+00
1.079523e+00		1.045828e+00		2.467073e-01
7.805726e-01		8.083379e-01		4.784084e-01
9.130819e-01		9.764864e-01		1.677844e+00
9.267554e-01		8.448800e-01		7.335625e-01
9.367076e-01		1.091870e+00		1.626778e+00
7.510053e-01		1.069319e+00		4.806847e+00
7.285419e-01		1.047524e+00		4.480403e+00
7.787556e-01		9.166619e-01		2.279336e+00
6.309720e-01		1.067337e+00		1.533082e+00
9.524073e-01		9.401823e-01		7.509760e-01
8.265223e-01		1.143537e+00		3.166066e+00
9.476043e-01		9.607144e-01		9.183865e-01
7.122135e-01		1.154416e+00		2.098123e+00
7.428622e-01		1.064382e+00		4.705649e+00
7.213868e-01		9.500695e-01		2.883181e+00
7.945660e-01		9.609645e-01		3.590659e+00
8.921159e-01		9.633448e-01		1.932384e+00
8.085761e-01		1.013070e+00		4.798349e+00
8.546083e-01		1.173966e+00		2.027466e+00
7.836404e-01		1.147652e+00		3.174488e+00
7.393088e-01		1.167989e+00		2.161600e+00
7.897886e-01		8.379130e-01		6.720232e-01
7.490755e-01		1.133906e+00		3.280880e+00
7.638086e-01		1.065398e+00		5.040160e+00
8.692789e-01		1.064825e+00		3.701990e+00
7.882729e-01		1.033753e+00		5.214332e+00
8.841368e-01		1.017227e+00		3.004815e+00
8.498118e-01		1.021963e+00		4.078898e+00
9.130979e-01		1.078729e+00		2.310758e+00
7.783284e-01		1.124995e+00		3.860256e+00
7.736616e-01		1.094144e+00		4.658199e+00
8.615124e-01		1.080168e+00		3.828212e+00
7.912934e-01		1.200462e+00		1.642546e+00
7.085117e-01		1.078100e+00		3.649228e+00
8.470572e-01		9.233794e-01		1.889173e+00
7.773306e-01		1.102977e+00		4.472375e+00
7.123659e-01		1.058489e+00		3.976474e+00
8.852689e-01		1.040552e+00		3.171757e+00
8.185132e-01		9.130692e-01		1.952868e+00
9.558779e-01		9.087372e-01		6.611406e-01
1.044514e+00		1.067827e+00		2.381225e-01
7.493750e-01		1.054474e+00		4.909409e+00
8.198405e-01		9.723203e-01		3.655849e+00
8.896367e-01		1.186160e+00		1.347913e+00
8.177725e-01		1.046985e+00		4.996506e+00
7.144900e-01		9.459466e-01		2.681604e+00
8.803738e-01		1.118837e+00		2.778465e+00
8.171589e-01		9.758130e-01		3.795337e+00
7.426862e-01		1.112815e+00		3.768984e+00
9.053491e-01		9.708249e-01		1.766486e+00
7.987202e-01		9.328460e-01		2.681635e+00
7.617104e-01		1.076745e+00		4.867211e+00
7.066630e-01		1.146364e+00		2.186398e+00
8.322857e-01		8.811268e-01		1.134731e+00
7.055910e-01		1.118958e+00		2.796700e+00
8.763955e-01		1.121242e+00		2.831132e+00
8.372972e-01		1.179670e+00		2.052174e+00
9.347793e-01		1.049037e+00		1.736503e+00
6.705366e-01		9.898584e-01		2.512530e+00
9.614433e-01		1.207752e+00		4.104485e-01
7.607166e-01		1.073273e+00		4.905427e+00
8.606319e-01		1.039383e+00		3.933252e+00
6.635426e-01		1.053870e+00		2.490234e+00
7.412316e-01		1.164409e+00		2.283939e+00
8.410072e-01		9.112425e-01		1.678540e+00
7.127936e-01		8.570373e-01		1.070497e+00
8.322058e-01		9.170528e-01		1.917421e+00
8.289727e-01		1.104833e+00		4.159184e+00
9.481038e-01		8.600303e-01		7.881664e-01
7.139897e-01		1.094933e+00		3.520109e+00
8.205533e-01		1.115597e+00		4.013235e+00
8.269190e-01		1.095607e+00		4.383936e+00
6.896128e-01		9.698830e-01		2.705748e+00
7.282746e-01		9.846307e-01		3.822405e+00
7.052628e-01		1.040535e+00		3.835596e+00
9.657423e-01		9.906674e-01		8.514344e-01
6.644088e-01		9.268057e-01		1.654982e+00
1.129603e+00		1.059172e+00		3.392681e-01
7.483749e-01		1.179733e+00		1.947900e+00
7.863481e-01		1.016135e+00		5.016471e+00
6.137342e-01		1.056899e+00		1.208920e+00
8.967882e-01		1.051204e+00		2.844392e+00
5.497113e-01		1.030890e+00		5.013199e-01
7.466915e-01		1.071058e+00		4.705156e+00
7.426510e-01		9.536076e-01		3.245627e+00
6.696189e-01		1.065104e+00		2.602996e+00
1.027928e+00		1.139201e+00		2.332388e-01
8.605062e-01		9.508458e-01		2.331487e+00
8.727714e-01		1.013216e+00		3.296086e+00
7.508792e-01		1.119073e+00		3.738385e+00
8.110600e-01		9.963365e-01		4.419621e+00
6.681772e-01		9.763989e-01		2.308422e+00
8.150729e-01		1.283386e+00		3.363170e-01
8.613750e-01		1.145684e+00		2.618900e+00
7.279289e-01		1.180584e+00		1.701394e+00
7.320523e-01		1.004453e+00		4.269844e+00
6.770998e-01		1.022881e+00		2.935561e+00
7.008207e-01		9.885129e-01		3.278839e+00
7.685462e-01		1.171123e+00		2.361434e+00
8.547637e-01		1.026785e+00		3.998132e+00
7.762833e-01		1.061476e+00		5.183981e+00
6.223328e-01		1.028423e+00		1.461136e+00
9.192000e-01		1.063195e+00		2.173643e+00
8.170122e-01		1.023381e+00		4.832583e+00
7.900957e-01		1.222556e+00		1.144178e+00
8.206090e-01		1.097738e+00		4.434012e+00
8.353113e-01		1.002535e+00		4.115648e+00
1.042017e+00		1.150839e+00		1.543709e-01
6.548872e-01		9.405119e-01		1.676164e+00
8.002632e-01		9.646096e-01		3.660747e+00
7.224446e-01		8.537320e-01		1.014467e+00
4.783624e-01		1.137322e+00		4.459238e-02
8.794573e-01		1.215595e+00		9.627510e-01
8.514338e-01		9.561521e-01		2.640306e+00
6.011617e-01		1.065782e+00		9.442791e-01
8.309100e-01		1.066632e+00		4.700224e+00
8.943250e-01		1.031382e+00		2.827300e+00
8.078637e-01		9.165912e-01		2.137081e+00
7.219301e-01		1.163198e+00		2.042954e+00
9.540394e-01		9.412754e-01		7.430132e-01
7.600995e-01		1.067102e+00		4.974843e+00
7.475567e-01		1.000736e+00		4.481888e+00
8.817657e-01		1.162425e+00		1.905429e+00
9.203334e-01		1.064247e+00		2.140599e+00
7.919449e-01		1.147479e+00		3.200173e+00
7.430129e-01		1.017875e+00		4.670717e+00
8.047274e-01		1.012333e+00		4.831154e+00
6.545936e-01		1.065473e+00		2.158490e+00
8.793543e-01		9.506728e-01		1.956566e+00
6.414396e-01		1.011388e+00		1.896249e+00
1.000394e+00		1.173226e+00		3.118799e-01
1.081130e+00		1.030343e+00		3.187546e-01
7.050973e-01		1.084216e+00		3.458981e+00
8.595580e-01		1.192739e+00		1.547341e+00
7.911275e-01		1.183903e+00		2.084219e+00
7.116979e-01		1.251681e+00		4.303379e-01
9.285660e-01		1.142545e+00		1.376791e+00
7.523206e-01		1.106643e+00		4.096868e+00
6.774278e-01		1.016437e+00		2.917139e+00
7.381064e-01		1.120685e+00		3.472233e+00
7.122867e-01		1.075807e+00		3.790299e+00
7.509563e-01		9.484046e-01		3.167730e+00
7.419396e-01		1.232683e+00		7.955944e-01
9.264631e-01		9.994579e-01		1.639713e+00
7.581581e-01		1.026488e+00		4.995303e+00
7.319867e-01		1.162256e+00		2.216914e+00
6.562493e-01		9.030257e-01		1.416302e+00
6.115630e-01		9.642325e-01		1.244452e+00
7.307335e-01		1.131584e+00		3.034184e+00
6.577804e-01		1.160256e+00		1.068352e+00
9.563567e-01		1.074735e+00		1.239132e+00
7.552324e-01		1.134083e+00		3.361249e+00
8.710565e-01		1.073045e+00		3.608485e+00
7.958425e-01		8.713571e-01		1.136447e+00
6.993739e-01		1.084764e+00		3.283327e+00
7.578590e-01		1.026599e+00		4.992525e+00
7.569747e-01		1.069323e+00		4.904160e+00
7.119346e-01		9.287067e-01		2.248967e+00
7.546172e-01		9.489811e-01		3.209825e+00
8.206270e-01		1.042472e+00		4.935160e+00
7.446318e-01		9.643276e-01		3.567783e+00
9.728854e-01		1.062617e+00		9.351237e-01
9.924260e-01		9.983460e-01		5.803553e-01
7.404703e-01		9.282892e-01		2.512570e+00
8.336108e-01		1.043102e+00		4.674880e+00
8.007553e-01		1.079634e+00		4.961896e+00
6.363561e-01		1.195727e+00		4.639122e-01
8.150602e-01		1.048762e+00		5.040787e+00
5.826767e-01		1.071295e+00		6.576617e-01
7.099184e-01		1.075804e+00		3.721855e+00
5.655078e-01		9.414128e-01		1.243225e+00
6.690859e-01		1.009815e+00		2.635110e+00
9.671719e-01		1.116077e+00		9.064861e-01
9.473372e-01		1.059337e+00		1.443861e+00
8.502271e-01		1.177635e+00		1.985569e+00
8.187309e-01		1.182985e+00		2.075638e+00
8.544329e-01		1.239923e+00		7.435754e-01
5.610632e-01		1.141183e+00		2.285700e-01
6.750259e-01		9.082856e-01		1.546780e+00
9.137681e-01		9.445292e-01		1.242292e+00
8.486312e-01		1.161750e+00		2.406492e+00
9.340214e-01		1.194682e+00		7.340201e-01
8.220999e-01		1.068730e+00		4.848050e+00
6.470697e-01		1.042686e+00		2.053055e+00
8.635321e-01		1.127902e+00		2.984848e+00
8.776847e-01		1.072531e+00		3.410821e+00
8.493409e-01		1.008748e+00		3.890452e+00
8.982017e-01		1.108787e+00		2.472780e+00
8.653132e-01		9.708839e-01		2.696076e+00
9.871343e-01		1.213786e+00		2.420020e-01
1.076016e+00		1.154932e+00		6.786546e-02
8.459709e-01		9.861466e-01		3.507702e+00
6.797080e-01		1.114844e+00		2.233107e+00
6.997085e-01		9.531289e-01		2.596698e+00
6.493808e-01		1.005070e+00		2.073869e+00
7.033380e-01		1.087612e+00		3.353900e+00
9.232994e-01		1.005961e+00		1.777785e+00
7.663039e-01		1.140957e+00		3.273538e+00
8.352264e-01		1.080389e+00		4.475119e+00
5.517810e-01		9.915823e-01		7.371319e-01
6.795550e-01		1.058293e+00		2.959757e+00
8.600872e-01		1.147282e+00		2.602652e+00
7.091345e-01		1.067527e+00		3.798841e+00
1.077660e+00		1.040800e+00		2.635669e-01
7.427742e-01		1.033267e+00		4.791711e+00
9.157336e-01		1.131393e+00		1.764953e+00
7.686951e-01		8.140301e-01		5.429101e-01
7.603382e-01		9.547309e-01		3.416165e+00
7.324805e-01		1.095559e+00		3.970029e+00
8.993042e-01		8.420280e-01		6.127892e-01
6.321776e-01		1.031494e+00		1.684336e+00
7.771770e-01		9.246688e-01		2.518032e+00
6.877023e-01		1.125039e+00		2.238499e+00
7.974345e-01		1.105383e+00		4.444735e+00
8.467316e-01		8.911825e-01		1.209810e+00
7.288320e-01		9.480484e-01		2.932948e+00
5.220632e-01		9.354081e-01		1.631537e+00
8.320345e-01		9.614467e-01		3.145247e+00
4.907550e-01		8.525280e-01		3.898454e+00
4.672867e-01		7.892421e-01		3.963252e+00
4.659318e-01		7.777881e-01		3.797261e+00
6.032237e-01		7.494734e-01		3.640868e+00
5.638861e-01		8.063565e-01		4.015921e+00
4.888082e-01		7.348856e-01		3.487840e+00
5.791550e-01		9.266887e-01		1.374921e+00
5.915339e-01		7.571799e-01		3.879506e+00
5.120095e-01		7.928279e-01		4.580595e+00
4.360974e-01		7.092405e-01		1.681986e+00
5.673752e-01		7.337303e-01		4.097555e+00
3.310987e-01		8.373883e-01		1.040516e+00
5.346931e-01		6.836460e-01		2.881030e+00
5.006631e-01		9.993092e-01		6.801454e-01
2.148348e-01		1.044275e+00		7.087716e-02
3.863327e-01		1.054178e+00		3.063799e-01
6.925860e-01		7.034862e-01		1.633224e+00
7.082985e-01		6.579878e-01		1.371811e+00
3.721787e-01		1.009945e+00		6.385373e-01
9.067175e-01		4.071239e-01		8.755125e-02
3.579853e-01		7.558745e-01		8.777926e-01
4.845943e-01		7.426647e-01		3.577064e+00
5.924922e-01		6.430606e-01		2.158291e+00
5.603277e-01		7.839870e-01		4.329383e+00
6.016901e-01		8.279468e-01		2.754056e+00
5.617552e-01		6.313219e-01		1.755735e+00
5.479926e-01		8.554732e-01		3.283240e+00
3.324449e-01		9.891547e-01		6.422968e-01
7.234444e-01		6.391125e-01		1.232986e+00
6.645857e-01		8.164223e-01		1.542201e+00
4.668064e-01		9.759293e-01		1.129035e+00
4.517467e-01		6.842085e-01		1.480972e+00
5.046086e-01		8.075482e-01		4.507897e+00
4.875320e-01		6.812388e-01		2.076052e+00
5.120888e-01		7.507306e-01		4.216411e+00
4.091887e-01		8.954895e-01		2.444518e+00
4.748554e-01		8.993304e-01		2.837322e+00
4.427122e-01		8.450451e-01		3.532337e+00
5.049866e-01		8.369006e-01		4.169459e+00
5.178083e-01		6.214497e-01		1.145745e+00
7.140234e-01		6.313912e-01		1.277564e+00
4.982295e-01		7.295168e-01		3.546903e+00
3.427613e-01		8.805703e-01		1.344833e+00
4.818241e-01		8.746030e-01		3.427979e+00
5.131287e-01		6.808242e-01		2.505815e+00
4.347281e-01		9.209023e-01		2.262907e+00
7.076227e-01		6.740393e-01		1.395326e+00
5.624147e-01		7.861836e-01		4.280698e+00
5.352664e-01		7.452194e-01		4.314326e+00
5.482871e-01		8.011710e-01		4.344312e+00
5.860396e-01		5.977423e-01		1.191793e+00
4.197754e-01		8.832753e-01		2.760104e+00
5.893846e-01		8.349965e-01		2.904365e+00
6.238816e-01		6.899449e-01		2.853816e+00
4.861711e-01		9.607525e-01		1.335937e+00
4.751297e-01		6.784568e-01		1.781757e+00
4.766454e-01		8.423143e-01		4.010056e+00
4.271292e-01		9.309663e-01		2.022348e+00
5.413239e-01		9.289855e-01		1.603432e+00
4.321876e-01		7.484028e-01		2.387352e+00
6.565472e-01		7.941696e-01		1.918949e+00
5.991082e-01		7.634986e-01		3.692704e+00
5.419952e-01		8.873521e-01		2.560567e+00
4.293201e-01		8.615461e-01		3.158369e+00
6.313566e-01		8.703497e-01		1.580088e+00
6.095242e-01		7.779415e-01		3.320022e+00
4.220395e-01		7.794061e-01		2.657940e+00
4.379382e-01		7.843522e-01		3.170599e+00
4.803921e-01		7.603513e-01		3.844089e+00
6.713732e-01		8.453348e-01		1.284422e+00
6.137944e-01		8.341275e-01		2.363236e+00
5.073868e-01		7.308224e-01		3.739826e+00
7.231501e-01		1.012141e+00		4.175097e+00
5.174869e-01		8.592574e-01		3.612842e+00
5.252387e-01		7.554921e-01		4.409028e+00
5.094835e-01		8.812236e-01		3.123399e+00
7.684035e-01		6.910345e-01		8.318463e-01
6.413654e-01		6.743486e-01		2.404446e+00
3.137704e-01		8.401248e-01		7.799269e-01
5.125108e-01		8.618433e-01		3.595591e+00
5.937055e-01		8.842450e-01		1.866440e+00
6.156913e-01		8.432832e-01		2.171409e+00
4.045662e-01		8.140896e-01		2.576952e+00
6.637535e-01		7.868914e-01		1.825217e+00
5.755889e-01		8.469099e-01		2.951976e+00
6.284721e-01		7.945212e-01		2.613456e+00
3.320410e-01		1.057112e+00		2.423427e-01
3.277359e-01		8.973387e-01		1.076804e+00
6.135931e-01		7.089065e-01		3.236143e+00
5.917097e-01		6.664258e-01		2.697474e+00
5.631576e-01		6.146504e-01		1.396292e+00
4.854961e-01		9.207651e-01		2.252821e+00
5.841252e-01		7.735877e-01		3.966173e+00
3.366415e-01		9.507029e-01		9.498792e-01
4.966921e-01		6.802425e-01		2.214859e+00
6.444869e-01		6.050040e-01		1.383891e+00
4.825247e-01		7.526325e-01		3.743352e+00
6.684329e-01		5.524752e-01		8.823208e-01
4.259065e-01		8.591891e-01		3.115282e+00
3.054021e-01		8.924771e-01		7.693413e-01
6.985832e-01		7.050264e-01		1.520897e+00
5.501864e-01		7.173654e-01		3.854977e+00
5.448802e-01		5.694808e-01		5.648774e-01
5.809025e-01		7.207666e-01		3.813903e+00
6.701421e-01		6.158901e-01		1.430752e+00
4.214433e-01		8.426773e-01		3.101765e+00
5.152175e-01		7.852923e-01		4.587060e+00
6.083898e-01		6.215178e-01		1.702694e+00
4.371852e-01		7.899115e-01		3.223491e+00
5.620889e-01		6.488233e-01		2.188098e+00
7.279769e-01		6.268098e-01		1.213767e+00
5.561942e-01		8.000123e-01		4.240931e+00
6.021090e-01		8.194957e-01		2.899582e+00
3.606242e-01		8.869007e-01		1.660749e+00
5.561646e-01		7.044974e-01		3.586077e+00
5.621493e-01		7.616765e-01		4.355195e+00
3.773332e-01		9.502555e-01		1.347269e+00
6.064198e-01		8.211538e-01		2.763385e+00
5.531462e-01		8.926798e-01		2.268403e+00
5.003447e-01		7.080825e-01		3.032798e+00
5.524830e-01		8.086199e-01		4.183745e+00
4.738801e-01		7.812566e-01		4.017943e+00
4.572165e-01		8.931992e-01		2.960023e+00
5.352671e-01		8.987686e-01		2.360513e+00
2.995499e-01		1.010506e+00		3.613803e-01
5.203020e-01		8.488066e-01		3.832869e+00
5.599629e-01		7.315115e-01		4.107986e+00
4.282278e-01		8.347197e-01		3.267830e+00
5.776179e-01		5.887944e-01		1.001105e+00
3.241507e-01		8.804500e-01		1.031764e+00
4.875863e-01		6.988441e-01		2.534904e+00
5.818070e-01		7.246222e-01		3.855545e+00
5.089718e-01		6.860085e-01		2.581167e+00
4.468319e-01		8.553320e-01		3.508983e+00
5.280787e-01		7.273238e-01		3.931041e+00
3.405306e-01		7.565902e-01		6.376970e-01
5.509867e-01		7.628421e-01		4.461057e+00
7.533531e-01		4.741805e-01		9.286066e-01
3.345465e-01		7.511873e-01		5.289668e-01
5.336253e-01		8.242639e-01		4.189717e+00
3.995955e-01		9.045467e-01		2.190234e+00
4.295418e-01		8.971810e-01		2.676562e+00
7.068325e-01		6.570233e-01		1.385840e+00
4.536246e-01		7.964890e-01		3.718354e+00
4.665969e-01		7.784736e-01		3.822141e+00
3.793653e-01		1.052493e+00		3.141823e-01
5.700348e-01		7.159157e-01		3.812008e+00
6.318391e-01		7.746229e-01		2.758325e+00
4.680475e-01		7.687721e-01		3.710000e+00
4.387407e-01		7.623189e-01		2.831338e+00
4.238444e-01		9.505496e-01		1.632422e+00
4.909999e-01		7.787098e-01		4.303856e+00
4.995139e-01		8.373816e-01		4.168897e+00
5.677897e-01		6.479861e-01		2.201176e+00
5.433874e-01		7.319224e-01		4.121483e+00
4.267295e-01		7.605428e-01		2.472081e+00
5.425021e-01		7.096095e-01		3.640332e+00
5.746175e-01		7.469167e-01		4.144249e+00
3.294732e-01		8.768200e-01		1.115731e+00
3.734879e-01		8.512305e-01		1.965439e+00
7.042430e-01		6.849955e-01		1.444394e+00
5.393895e-01		9.129729e-01		1.966818e+00
3.844635e-01		7.983994e-01		1.896923e+00
5.356890e-01		7.745035e-01		4.575119e+00
4.106667e-01		9.756536e-01		1.165726e+00
5.442343e-01		9.006695e-01		2.198355e+00
4.718007e-01		7.736967e-01		3.873282e+00
5.881759e-01		7.484476e-01		3.941086e+00
3.789499e-01		8.491116e-01		2.088930e+00
3.999936e-01		6.655393e-01		5.002291e-01
6.372479e-01		5.632173e-01		8.683357e-01
5.253759e-01		7.755537e-01		4.584524e+00
6.223404e-01		5.428009e-01		6.323231e-01
3.897997e-01		6.770668e-01		5.084739e-01
5.444051e-01		8.622815e-01		3.171477e+00
6.220492e-01		8.324891e-01		2.208449e+00
5.269941e-01		8.731519e-01		3.144200e+00
5.611917e-01		7.929812e-01		4.238390e+00
5.697657e-01		6.657041e-01		2.663192e+00
7.704489e-01		8.599089e-01		1.006095e+00
7.448855e-01		6.065619e-01		1.224148e+00
4.955442e-01		9.734829e-01		1.060652e+00
3.582287e-01		1.048845e+00		3.184775e-01
4.697831e-01		8.591721e-01		3.703816e+00
6.354280e-01		7.932530e-01		2.448632e+00
6.864086e-01		5.285026e-01		8.501326e-01
5.565220e-01		6.992384e-01		3.462634e+00
6.456300e-01		7.326866e-01		2.646894e+00
5.202992e-01		7.603612e-01		4.437285e+00
6.504121e-01		7.290922e-01		2.535108e+00
5.697036e-01		5.615857e-01		5.971005e-01
4.579618e-01		7.750197e-01		3.562505e+00
3.722881e-01		8.967714e-01		1.823377e+00
4.472910e-01		7.577810e-01		2.976178e+00
3.901056e-01		9.873227e-01		9.423537e-01
5.799421e-01		6.475235e-01		2.240968e+00
3.818465e-01		7.179167e-01		8.335097e-01
7.321015e-01		6.405750e-01		1.188671e+00
7.126770e-01		6.657463e-01		1.330748e+00
4.816803e-01		8.920776e-01		3.004779e+00
7.984732e-01		5.734276e-01		1.521144e+00
6.648591e-01		5.531174e-01		8.732942e-01
6.131786e-01		7.419007e-01		3.420704e+00
5.735967e-01		6.079137e-01		1.322503e+00
4.788793e-01		8.611139e-01		3.711964e+00
5.271405e-01		8.624925e-01		3.420938e+00
5.735436e-01		6.506213e-01		2.294945e+00
4.142347e-01		8.854852e-01		2.646567e+00
3.782242e-01		8.714523e-01		2.060108e+00
3.435909e-01		8.884840e-01		1.349146e+00
6.103481e-01		8.288328e-01		2.533191e+00
3.032902e-01		1.080074e+00		1.314911e-01
3.330088e-01		8.656676e-01		1.163731e+00
5.146428e-01		7.520316e-01		4.267831e+00
4.505243e-01		8.903583e-01		2.984344e+00
4.680323e-01		8.860575e-01		3.153231e+00
4.226525e-01		8.204633e-01		3.099743e+00
5.823629e-01		7.339926e-01		3.949260e+00
5.736745e-01		6.012540e-01		1.196190e+00
3.582902e-01		8.419193e-01		1.594839e+00
5.457003e-01		8.940383e-01		2.340086e+00
5.603997e-01		7.289926e-01		4.068123e+00
3.572501e-01		8.223320e-01		1.465179e+00
4.842377e-01		8.867520e-01		3.131614e+00
4.939918e-01		7.902193e-01		4.429545e+00
6.124432e-01		8.093629e-01		2.812205e+00
4.451864e-01		9.913828e-01		9.265976e-01
5.256939e-01		7.731169e-01		4.573332e+00
6.212719e-01		5.148410e-01		4.588191e-01
4.794555e-01		9.020999e-01		2.756797e+00
3.945657e-01		7.999244e-01		2.173896e+00
4.988831e-01		9.770598e-01		9.886726e-01
5.255637e-01		9.374479e-01		1.560790e+00
6.385328e-01		7.340704e-01		2.819568e+00
4.569320e-01		7.666586e-01		3.397467e+00
3.656349e-01		7.390211e-01		8.249893e-01
5.071349e-01		7.076765e-01		3.144789e+00
3.858533e-01		8.695557e-01		2.228097e+00
4.002643e-01		8.227013e-01		2.522544e+00
5.412940e-01		8.275301e-01		4.028924e+00
4.940699e-01		7.967253e-01		4.450735e+00
4.578306e-01		9.820666e-01		1.049026e+00
4.302994e-01		7.843312e-01		2.959762e+00
5.096894e-01		8.040162e-01		4.542263e+00
7.485265e-01		6.648482e-01		1.044019e+00
6.405790e-01		7.133784e-01		2.743009e+00
5.733846e-01		7.939286e-01		3.998247e+00
5.146611e-01		8.429019e-01		4.009253e+00
5.498064e-01		7.862723e-01		4.454394e+00
2.172742e-01		8.748762e-01		1.126925e-01
4.015632e-01		8.929310e-01		2.357388e+00
6.711384e-01		8.129702e-01		1.452489e+00
6.972392e-01		7.513600e-01		1.369053e+00
4.223689e-01		9.520488e-01		1.599910e+00
6.380991e-01		7.146218e-01		2.801683e+00
6.601411e-01		5.967691e-01		1.255879e+00
6.137492e-01		7.911618e-01		3.049407e+00
4.609880e-01		9.383211e-01		1.915809e+00
3.946037e-01		8.377469e-01		2.444381e+00
4.671843e-01		7.282926e-01		2.834861e+00
6.484236e-01		8.592783e-01		1.472634e+00
5.047702e-01		8.057577e-01		4.517625e+00
5.753708e-01		7.941379e-01		3.954056e+00
4.143871e-01		7.265367e-01		1.545443e+00
4.088124e-01		8.963118e-01		2.428355e+00
4.371001e-01		8.598693e-01		3.308250e+00
5.044339e-01		6.949029e-01		2.747996e+00
6.031675e-01		7.819086e-01		3.441867e+00
4.512364e-01		7.450677e-01		2.818551e+00
6.671548e-01		6.011941e-01		1.290529e+00
6.271803e-01		6.405070e-01		2.019337e+00
3.819934e-01		9.567934e-01		1.301400e+00
5.815847e-01		8.966711e-01		1.807223e+00
4.293390e-01		8.532423e-01		3.224473e+00
4.792992e-01		6.895544e-01		2.129660e+00
6.431434e-01		9.306415e-01		1.478601e+00
7.512971e-01		7.054561e-01		8.340891e-01
4.607963e-01		8.418630e-01		3.846245e+00
4.832602e-01		7.821205e-01		4.208821e+00
4.868115e-01		1.013693e+00		5.519113e-01
4.260418e-01		8.615536e-01		3.098625e+00
4.730137e-01		6.302884e-01		8.236386e-01
5.381229e-01		8.923483e-01		2.486684e+00
5.577731e-01		8.055119e-01		4.140826e+00
6.893511e-01		6.701807e-01		1.643450e+00
5.250179e-01		9.669731e-01		1.037504e+00
7.828581e-01		7.895707e-01		4.206539e-01
6.790481e-01		4.886254e-01		6.805272e-01
7.262340e-01		6.873651e-01		1.146025e+00
7.077434e-01		6.081213e-01		1.236537e+00
5.334331e-01		7.670351e-01		4.545374e+00
4.105747e-01		9.868202e-01		9.985452e-01
4.136917e-01		9.823380e-01		1.069288e+00
6.096658e-01		1.002537e+00		1.224609e+00
3.200114e-01		1.015515e+00		4.188124e-01
7.452040e-01		8.244315e-01		6.978535e-01
3.896225e-01		9.164881e-01		1.905064e+00
5.195538e-01		8.657062e-01		3.428864e+00
5.760679e-01		7.091804e-01		3.661448e+00
5.077255e-01		7.926384e-01		4.559913e+00
4.095150e-01		8.910376e-01		2.505413e+00
5.398774e-01		6.732496e-01		2.650861e+00
6.300834e-01		7.875072e-01		2.660471e+00
3.840244e-01		9.354490e-01		1.599161e+00
5.389023e-01		8.978713e-01		2.336301e+00
5.628436e-01		8.320292e-01		3.553482e+00
2.470748e-01		1.016319e+00		1.645936e-01
4.102485e-01		7.781609e-01		2.315590e+00
3.848261e-01		8.982813e-01		2.027137e+00
6.071781e-01		7.255572e-01		3.490377e+00
5.525092e-01		7.868487e-01		4.418498e+00
5.923136e-01		7.155066e-01		3.620264e+00
4.503517e-01		9.166469e-01		2.413205e+00
4.725472e-01		8.500350e-01		3.870081e+00
5.730357e-01		8.639613e-01		2.613509e+00
5.986833e-01		6.520691e-01		2.359633e+00
5.454143e-01		7.932399e-01		4.456305e+00
1.878695e-01		8.526942e-01		4.171830e-02
5.013011e-01		6.282007e-01		1.097391e+00
5.932372e-01		7.315073e-01		3.772329e+00
4.158092e-01		7.361596e-01		1.748145e+00
6.089947e-01		6.465163e-01		2.214693e+00
5.794714e-01		9.209672e-01		1.448249e+00
6.115300e-01		6.092852e-01		1.471766e+00
4.429906e-01		7.322658e-01		2.328639e+00
5.791897e-01		7.387642e-01		4.030091e+00
6.624012e-01		6.952971e-01		2.213011e+00
4.714926e-01		9.430122e-01		1.779506e+00
5.293463e-01		9.233018e-01		1.834586e+00
6.823434e-01		6.404554e-01		1.562838e+00
3.984698e-01		9.502339e-01		1.511877e+00
5.912154e-01		7.066674e-01		3.504482e+00
7.134029e-01		6.279239e-01		1.273683e+00
5.458630e-01		7.996353e-01		4.392444e+00
4.512844e-01		8.188941e-01		3.777965e+00
5.480935e-01		5.221061e-01		2.255959e-01
5.327885e-01		8.669797e-01		3.228135e+00
3.649889e-01		8.799136e-01		1.766114e+00
4.537390e-01		6.245928e-01		5.667026e-01
9.155729e-01		6.695065e-01		2.157290e+00
9.632225e-01		4.846165e-01		1.899254e-01
1.238566e+00		1.047059e+00		1.141402e+00
1.101792e+00		8.195666e-01		2.445257e+00
1.286670e+00		9.457890e-01		1.227793e+00
1.107020e+00		8.837970e-01		2.228638e+00
1.244951e+00		8.773172e-01		1.203345e+00
9.767236e-01		5.875618e-01		9.821779e-01
1.170194e+00		1.016461e+00		1.052972e+00
1.386477e+00		1.078781e+00		6.851212e-01
7.864886e-01		5.806027e-01		1.456946e+00
1.214202e+00		9.531723e-01		1.889227e+00
1.054222e+00		7.078350e-01		1.788176e+00
8.588993e-01		6.452193e-01		1.780023e+00
9.431047e-01		6.649807e-01		2.210882e+00
9.305694e-01		7.666303e-01		1.568064e+00
1.053408e+00		6.829984e-01		1.419592e+00
9.341992e-01		8.356009e-01		8.495697e-01
8.406217e-01		5.992442e-01		1.742410e+00
1.449284e+00		1.215679e+00		2.308664e-01
1.018707e+00		7.218941e-01		2.349364e+00
9.820740e-01		5.448533e-01		4.680738e-01
6.951746e-01		3.771777e-01		3.422180e-01
1.506111e+00		1.124387e+00		1.577227e-01
9.428462e-01		7.766492e-01		1.623238e+00
1.085728e+00		6.410193e-01		5.064811e-01
1.315491e+00		8.598744e-01		3.177879e-01
1.453243e+00		1.098310e+00		3.292622e-01
8.880894e-01		5.408291e-01		1.182959e+00
7.603605e-01		5.239434e-01		1.226833e+00
1.034902e+00		8.798471e-01		1.494826e+00
9.041534e-01		6.104708e-01		1.876355e+00
1.026623e+00		7.511131e-01		2.502960e+00
7.807669e-01		6.834144e-01		8.751977e-01
1.230677e+00		8.610976e-01		1.233853e+00
1.141310e+00		8.209211e-01		2.071151e+00
1.067864e+00		6.094903e-01		3.841531e-01
8.715186e-01		7.728447e-01		7.419058e-01
7.396257e-01		4.793789e-01		9.301281e-01
1.242100e+00		1.130667e+00		3.821601e-01
9.504729e-01		7.793657e-01		1.701353e+00
1.379371e+00		9.723061e-01		4.398849e-01
1.012665e+00		8.192958e-01		2.053860e+00
9.764958e-01		6.897388e-01		2.302939e+00
6.878236e-01		4.434443e-01		5.886930e-01
1.221685e+00		9.508565e-01		1.863634e+00
1.133170e+00		8.171361e-01		2.135945e+00
9.474119e-01		7.092967e-01		2.293898e+00
1.203208e+00		8.550038e-01		1.566990e+00
1.166735e+00		9.541960e-01		1.826480e+00
1.065757e+00		1.004203e+00		4.168696e-01
1.102725e+00		8.404470e-01		2.467736e+00
7.091090e-01		3.403606e-01		2.009767e-01
1.125897e+00		9.929453e-01		9.497983e-01
1.228958e+00		1.032687e+00		1.253854e+00
8.784144e-01		6.328494e-01		1.952376e+00
1.226280e+00		1.035593e+00		1.209125e+00
1.067917e+00		7.515931e-01		2.207409e+00
1.230794e+00		6.996438e-01		8.027868e-02
1.248884e+00		8.890241e-01		1.264520e+00
9.683267e-01		7.471152e-01		2.278710e+00
1.473226e+00		1.118068e+00		2.613401e-01
8.718522e-01		7.033429e-01		1.459956e+00
1.232526e+00		8.540997e-01		1.131264e+00
1.207398e+00		1.214548e+00		3.241142e-02
7.067827e-01		6.046940e-01		1.225928e+00
9.696901e-01		6.297020e-01		1.657528e+00
1.334207e+00		1.013223e+00		1.013099e+00
1.297524e+00		9.754714e-01		1.255533e+00
1.184634e+00		8.059992e-01		1.249867e+00
8.973273e-01		6.232457e-01		1.977942e+00
6.746749e-01		4.624344e-01		5.879802e-01
1.000378e+00		6.746024e-01		1.967043e+00
8.254084e-01		7.246228e-01		7.347029e-01
1.381025e+00		9.829602e-01		4.750575e-01
8.930232e-01		4.687701e-01		4.086282e-01
8.428923e-01		6.152141e-01		1.749902e+00
1.191479e+00		9.677143e-01		1.792128e+00
1.186864e+00		8.298167e-01		1.517676e+00
1.333681e+00		9.279306e-01		5.804984e-01
8.070832e-01		6.645971e-01		1.142624e+00
9.712721e-01		7.236248e-01		2.404429e+00
1.231547e+00		9.066007e-01		1.648456e+00
1.172233e+00		1.076578e+00		4.374740e-01
1.055792e+00		7.394927e-01		2.200976e+00
1.022300e+00		7.652542e-01		2.530252e+00
8.596209e-01		7.790998e-01		5.993477e-01
1.160747e+00		7.695087e-01		1.121395e+00
1.150019e+00		1.011179e+00		9.431188e-01
1.313129e+00		1.046234e+00		1.144799e+00
1.093025e+00		7.746110e-01		2.177416e+00
1.245734e+00		1.043476e+00		1.206417e+00
1.024593e+00		8.168270e-01		2.225614e+00
1.168575e+00		8.412858e-01		1.915800e+00
7.240438e-01		6.497791e-01		1.227199e+00
8.523186e-01		5.612112e-01		1.574740e+00
1.149442e+00		8.044002e-01		1.763882e+00
1.045462e+00		6.002355e-01		4.736429e-01
1.219365e+00		8.106388e-01		8.286507e-01
7.632230e-01		6.254907e-01		1.205236e+00
7.979458e-01		5.679671e-01		1.512646e+00
1.482042e+00		1.249052e+00		1.387812e-01
1.038802e+00		8.403417e-01		2.105498e+00
8.083080e-01		5.098500e-01		1.208048e+00
1.163141e+00		1.041924e+00		6.960038e-01
1.035327e+00		8.358762e-01		2.121291e+00
1.020263e+00		6.189161e-01		9.197379e-01
1.342714e+00		1.052661e+00		9.706803e-01
1.194590e+00		9.251002e-01		2.044905e+00
1.186792e+00		8.943402e-01		2.073637e+00
1.378273e+00		9.876438e-01		5.172829e-01
1.129617e+00		9.375859e-01		1.758371e+00
1.150253e+00		8.208375e-01		1.950357e+00
1.136928e+00		1.018330e+00		7.449349e-01
7.452628e-01		3.218977e-01		1.149219e-01
9.831680e-01		5.850987e-01		8.838692e-01
1.119978e+00		7.460636e-01		1.396255e+00
7.839970e-01		5.801453e-01		1.443550e+00
1.225699e+00		9.007848e-01		1.680557e+00
1.207154e+00		8.913891e-01		1.844114e+00
1.050942e+00		5.518681e-01		1.558081e-01
1.236090e+00		1.083687e+00		7.448102e-01
9.746627e-01		6.157392e-01		1.400997e+00
9.110230e-01		8.023852e-01		8.985175e-01
6.856188e-01		5.357115e-01		8.739913e-01
1.051395e+00		7.478948e-01		2.335390e+00
1.043304e+00		6.982450e-01		1.792326e+00
1.084236e+00		8.803991e-01		2.084256e+00
8.672437e-01		5.951027e-01		1.803845e+00
1.011743e+00		8.139363e-01		2.109281e+00
1.114711e+00		6.777833e-01		5.914071e-01
9.494539e-01		8.138467e-01		1.243089e+00
8.037639e-01		6.161138e-01		1.463307e+00
1.012481e+00		7.498176e-01		2.513852e+00
1.154042e+00		9.214392e-01		2.099152e+00
1.139695e+00		9.576243e-01		1.574900e+00
1.115120e+00		8.831525e-01		2.277254e+00
1.297206e+00		1.089348e+00		9.091495e-01
1.210832e+00		9.719645e-01		1.789174e+00
1.520732e+00		1.182697e+00		1.382222e-01
1.459876e+00		1.222404e+00		2.054051e-01
1.057355e+00		7.992143e-01		2.540544e+00
8.150192e-01		8.995504e-01		1.640848e+00
1.208475e+00		1.038263e+00		1.074389e+00
1.122705e+00		6.427986e-01		2.640500e-01
1.078568e+00		7.268906e-01		1.729627e+00
1.136523e+00		8.849346e-01		2.312036e+00
1.237641e+00		9.062431e-01		1.567876e+00
9.683623e-01		7.356811e-01		2.347921e+00
1.427718e+00		1.048117e+00		3.791296e-01
1.188282e+00		8.265775e-01		1.456239e+00
1.085868e+00		8.825468e-01		2.072966e+00
7.408573e-01		4.219760e-01		5.750594e-01
1.194901e+00		9.898268e-01		1.570632e+00
9.493924e-01		8.451512e-01		9.102126e-01
1.326411e+00		1.239447e+00		1.116384e-01
8.501896e-01		5.466209e-01		1.448925e+00
9.842842e-01		5.812059e-01		8.245939e-01
8.777491e-01		5.315372e-01		1.142968e+00
1.093041e+00		6.741044e-01		7.798801e-01
7.074588e-01		5.736403e-01		1.113469e+00
9.313232e-01		6.813143e-01		2.238275e+00
1.253282e+00		8.930380e-01		1.242250e+00
9.158316e-01		6.215021e-01		1.939003e+00
8.315016e-01		5.310995e-01		1.354180e+00
9.647090e-01		7.606320e-01		2.120169e+00
8.983168e-01		7.547524e-01		1.244368e+00
1.094539e+00		9.847874e-01		7.600239e-01
1.059416e+00		8.552233e-01		2.147611e+00
9.646383e-01		7.288011e-01		2.349890e+00
1.067979e+00		7.533894e-01		2.227283e+00
6.671088e-01		5.568193e-01		9.061584e-01
1.150137e+00		7.205403e-01		6.664281e-01
1.214606e+00		9.553832e-01		1.879411e+00
1.260518e+00		9.691289e-01		1.591205e+00
7.519727e-01		6.764035e-01		9.748310e-01
8.584947e-01		7.036225e-01		1.282740e+00
1.109086e+00		6.101347e-01		1.719127e-01
1.118251e+00		6.381486e-01		2.621778e-01
9.722046e-01		6.972691e-01		2.359491e+00
1.446630e+00		1.297263e+00		7.339195e-02
1.475815e+00		1.235537e+00		1.654036e-01
1.066084e+00		7.478288e-01		2.184065e+00
9.640719e-01		8.094454e-01		1.503759e+00
1.106827e+00		8.049639e-01		2.320027e+00
9.037610e-01		5.574861e-01		1.273059e+00
1.119436e+00		8.299392e-01		2.369876e+00
7.663711e-01		5.245775e-01		1.252685e+00
1.184270e+00		8.633794e-01		1.914456e+00
9.643440e-01		7.154159e-01		2.381503e+00
1.085501e+00		9.252051e-01		1.459657e+00
7.853805e-01		5.965142e-01		1.420534e+00
1.138930e+00		8.740078e-01		2.340924e+00
8.529696e-01		5.783516e-01		1.698989e+00
9.704000e-01		7.138960e-01		2.404816e+00
8.082389e-01		7.105221e-01		7.464111e-01
1.213071e+00		9.852876e-01		1.682683e+00
1.324002e+00		1.064048e+00		1.035091e+00
8.370628e-01		6.040059e-01		1.725461e+00
1.141572e+00		1.085173e+00		2.411306e-01
1.105073e+00		8.089247e-01		2.365360e+00
1.217108e+00		8.530284e-01		1.340485e+00
1.391401e+00		1.088659e+00		6.531044e-01
1.230290e+00		9.075220e-01		1.670563e+00
1.233108e+00		1.068184e+00		8.872925e-01
1.079838e+00		8.473643e-01		2.392061e+00
1.110253e+00		8.628636e-01		2.398000e+00
1.121208e+00		8.822962e-01		2.305847e+00
9.921204e-01		8.142807e-01		1.842464e+00
1.072361e+00		9.651977e-01		7.867036e-01
8.045558e-01		5.146881e-01		1.252801e+00
9.394817e-01		6.637920e-01		2.206520e+00
6.714501e-01		4.861989e-01		6.309212e-01
8.211326e-01		4.825641e-01		9.119600e-01
8.688001e-01		7.203837e-01		1.233112e+00
1.095373e+00		7.157088e-01		1.313487e+00
1.091312e+00		6.270507e-01		3.531022e-01
1.232995e+00		9.360350e-01		1.776609e+00
1.043735e+00		9.605341e-01		6.263151e-01
1.293174e+00		1.045864e+00		1.214179e+00
1.076572e+00		7.531939e-01		2.123981e+00
1.098085e+00		9.219947e-01		1.654369e+00
1.140122e+00		7.372085e-01		9.835263e-01
6.869224e-01		4.975982e-01		7.517275e-01
9.236600e-01		8.086023e-01		9.802057e-01
1.007632e+00		9.736148e-01		4.986367e-01
1.076734e+00		8.473520e-01		2.374542e+00
9.643475e-01		6.691767e-01		2.182210e+00
1.176276e+00		1.097507e+00		3.125402e-01
1.098742e+00		6.185004e-01		2.568125e-01
1.099013e+00		8.502107e-01		2.440497e+00
9.622895e-01		6.721560e-01		2.216830e+00
1.280067e+00		8.871369e-01		8.405584e-01
1.480194e+00		1.127630e+00		2.412879e-01
1.192459e+00		8.539976e-01		1.712294e+00
1.426847e+00		1.073974e+00		4.358925e-01
1.142817e+00		8.678898e-01		2.327456e+00
9.571736e-01		5.688848e-01		9.378491e-01
1.340733e+00		1.029352e+00		9.848758e-01
1.226884e+00		1.113066e+00		4.405555e-01
1.115735e+00		8.662972e-01		2.388113e+00
1.368231e+00		1.049794e+00		7.950773e-01
1.110991e+00		8.462149e-01		2.445873e+00
9.379019e-01		9.235925e-01		7.774365e-01
8.682587e-01		4.824059e-01		6.654602e-01
9.967846e-01		7.289288e-01		2.468429e+00
8.901086e-01		5.467816e-01		1.241330e+00
1.391503e+00		1.067373e+00		6.491975e-01
9.765272e-01		7.984518e-01		1.832499e+00
9.710302e-01		6.514609e-01		1.940935e+00
9.594272e-01		6.750686e-01		2.248263e+00
8.888338e-01		7.403730e-01		1.279074e+00
1.135390e+00		8.659139e-01		2.360024e+00
1.099558e+00		8.964770e-01		2.025707e+00
7.901807e-01		4.824948e-01		9.952369e-01
8.409392e-01		5.191759e-01		1.206019e+00
1.379578e+00		9.984867e-01		5.535837e-01
9.772053e-01		5.243780e-01		3.432198e-01
1.260152e+00		9.661238e-01		1.591372e+00
1.011264e+00		9.542474e-01		5.530073e-01
9.265291e-01		5.850533e-01		1.446209e+00
8.856901e-01		6.619234e-01		1.951568e+00
1.301420e+00		9.999271e-01		1.278057e+00
1.232373e+00		1.016390e+00		1.435429e+00
8.783734e-01		5.933424e-01		1.789311e+00
9.417838e-01		7.004861e-01		2.278226e+00
1.347439e+00		1.012948e+00		8.927769e-01
1.230675e+00		1.041268e+00		1.167788e+00
1.211539e+00		9.844943e-01		1.686827e+00
1.073540e+00		7.876304e-01		2.469729e+00
8.436402e-01		7.201034e-01		9.372876e-01
9.455096e-01		8.396119e-01		9.216922e-01
9.571911e-01		6.679701e-01		2.200975e+00
9.537364e-01		7.718996e-01		1.843431e+00
9.225555e-01		7.104512e-01		2.053611e+00
1.518781e+00		1.092354e+00		1.000825e-01
1.053505e+00		7.780355e-01		2.522095e+00
1.083919e+00		7.713134e-01		2.246992e+00
8.015995e-01		7.504371e-01		4.684635e-01
8.925006e-01		5.336531e-01		1.063031e+00
1.258237e+00		9.713031e-01		1.609946e+00
1.102422e+00		9.270055e-01		1.629566e+00
1.232665e+00		9.579964e-01		1.791013e+00
7.369145e-01		4.066884e-01		4.838657e-01
1.393463e+00		9.904799e-01		4.158836e-01
1.343877e+00		9.471666e-01		6.044722e-01
1.088994e+00		8.314085e-01		2.494546e+00
9.168625e-01		6.066016e-01		1.783954e+00
9.125640e-01		7.688943e-01		1.277482e+00
9.057744e-01		5.296520e-01		9.116833e-01
1.231639e+00		1.019464e+00		1.403034e+00
1.118162e+00		8.045920e-01		2.194122e+00
9.678299e-01		7.880986e-01		1.842445e+00
9.509407e-01		5.603961e-01		8.911211e-01
1.221280e+00		1.047235e+00		1.050165e+00
1.377524e+00		9.974754e-01		5.660873e-01
1.089223e+00		8.059236e-01		2.464561e+00
1.010524e+00		7.107275e-01		2.302175e+00
9.042628e-01		6.296945e-01		2.016592e+00
8.685002e-01		5.518161e-01		1.430234e+00
7.785687e-01		6.255430e-01		1.259349e+00
1.193764e+00		8.932123e-01		2.003388e+00
1.048248e+00		7.062708e-01		1.845767e+00
1.259496e+00		1.094194e+00		7.569366e-01
1.058188e+00		8.000426e-01		2.540019e+00
1.093312e+00		8.557010e-01		2.394272e+00
1.223959e+00		9.162373e-01		1.795117e+00
9.000924e-01		5.068918e-01		7.021968e-01
9.208157e-01		7.674915e-01		1.413319e+00
1.229196e+00		9.160921e-01		1.736161e+00
1.135503e+00		9.281048e-01		1.930780e+00
9.235552e-01		7.365694e-01		1.823293e+00
1.363610e+00		9.530433e-01		4.675852e-01
1.210073e+00		9.430594e-01		1.936618e+00
8.640521e-01		7.086827e-01		1.299418e+00
9.201496e-01		6.510922e-01		2.135792e+00
1.298285e+00		1.188480e+00		2.356119e-01
1.050730e+00		8.588343e-01		2.003066e+00
1.234055e+00		1.066297e+00		9.124757e-01
8.518285e-01		6.374893e-01		1.751950e+00
1.394751e+00		1.034319e+00		5.620187e-01
1.081782e+00		9.014445e-01		1.767873e+00
1.368455e+00		9.877679e-01		5.994427e-01
1.055727e+00		8.098572e-01		2.509790e+00
1.209657e+00		1.003859e+00		1.484300e+00
1.294423e+00		9.366312e-01		1.071887e+00
1.215629e+00		8.127086e-01		8.983231e-01
1.103508e+00		9.753731e-01		9.558495e-01
1.055772e+00		9.546561e-01		7.619795e-01
9.184396e-01		6.159775e-01		1.875881e+00
4.353267e-01		2.493298e-01		7.964745e-03
8.843203e-01		6.464739e-01		1.981905e+00
1.123491e+00		9.509346e-01		1.508664e+00
8.189171e-01		6.912835e-01		9.883563e-01
1.053343e+00		8.008140e-01		2.533071e+00
8.419073e-01		4.516017e-01		5.294926e-01
8.486759e-01		5.629223e-01		1.593790e+00
1.133217e+00		1.151386e+00		4.811199e-02
9.278323e-01		5.561994e-01		1.051590e+00
8.869236e-01		5.535704e-01		1.345740e+00
8.334857e-01		5.738997e-01		1.651879e+00
1.082696e+00		8.956480e-01		1.862077e+00
9.069092e-01		5.516788e-01		1.173996e+00
1.165790e+00		8.235590e-01		1.758250e+00
8.835663e-01		6.358751e-01		1.980443e+00
9.199036e-01		5.487170e-01		1.026630e+00
1.017754e+00		8.573887e-01		1.591590e+00
7.354311e-01		6.127066e-01		1.208565e+00
6.705539e-01		3.081606e-01		1.300186e-01
1.012287e+00		7.034818e-01		2.212855e+00
1.207015e+00		9.203797e-01		1.967374e+00
1.103483e+00		6.925806e-01		8.826145e-01
1.055560e+00		8.825938e-01		1.723577e+00
8.499504e-01		4.853551e-01		8.013316e-01
1.313429e+00		1.219507e+00		1.486700e-01
1.095743e+00		7.357904e-01		1.609400e+00
1.105182e+00		7.795680e-01		2.081731e+00
9.141957e-01		8.729989e-01		6.577913e-01
1.335533e+00		1.016005e+00		1.007385e+00
8.908329e-01		7.184906e-01		1.557520e+00
8.981514e-01		8.289522e-01		6.323203e-01
8.684083e-01		4.263023e-01		2.512503e-01
9.410653e-01		7.161503e-01		2.211427e+00
8.874389e-01		6.376396e-01		2.000721e+00
1.187122e+00		7.788452e-01		8.793718e-01
8.764949e-01		6.209952e-01		1.927156e+00
1.435805e+00		1.117433e+00		4.193101e-01
1.045763e+00		8.935249e-01		1.435698e+00
1.202043e+00		8.602235e-01		1.639838e+00
1.051752e+00		8.589570e-01		2.013564e+00
