    1		    1		   44.559    6101473.601    6101518.160 
    2		    2		   97.362    5913919.272    5914016.634 
    3		    3		  147.443    5822875.426    5823022.870 
    4		    4		  198.189    5797702.576    5797900.765 
    5		    5			253.108    5776188.162    5776441.269 
    6		    6			301.020    5770617.117    5770918.137 
    7		    7			345.712    5750966.170    5751311.881 
    8		    8			399.718    5748080.593    5748480.311 
    9		    9			445.163    5746124.212    5746569.375 
   10		   10			495.353    5745178.445    5745673.798 
   11		   11			543.053    5743755.487    5744298.541 
   12		   12			590.074    5743002.496    5743592.570 
   13		   13			636.273    5742569.889    5743206.162 
   14		   14			677.225    5740585.058    5741262.283 
   15		   15			720.496    5739457.218    5740177.715 
   16		   16			754.275    5738565.223    5739319.498 
   17		   17			801.741    5738062.764    5738864.505 
   18		   18			853.208    5736891.913    5737745.121 
   19		   19			899.955    5736597.611    5737497.566 
   20		   20			932.369    5736357.531    5737289.900 
   21		   21			966.558    5736113.122    5737079.680 
   22		   20			925.402    5735999.407    5736924.809 
   23		   21			971.208    5735878.398    5736849.606 
   24		   22		 1013.452    5735764.180    5736777.632 
   25		   21		  973.135    5735694.373    5736667.508 
   26		   22		 1006.169    5735581.535    5736587.704 
   27		   21		  963.830    5735595.262    5736559.092 
   28		   22		 1011.162    5735481.911    5736493.073 
   29		   21		  965.762    5735478.392    5736444.154 
