   6.487318e-01   1.201010e+00
   7.574884e-01   1.025368e+00
   7.753172e-01   1.001065e+00
   9.259909e-01   9.642514e-01
   7.063625e-01   1.130913e+00
   7.996173e-01   1.039917e+00
   7.221015e-01   9.734624e-01
   8.219064e-01   1.105161e+00
   7.965284e-01   9.526815e-01
   6.552560e-01   1.103660e+00
   8.169724e-01   9.860625e-01
   9.179971e-01   9.501765e-01
   8.902983e-01   1.140777e+00
   7.126266e-01   9.410798e-01
   7.606578e-01   1.126296e+00
   7.397782e-01   1.050056e+00
   5.648456e-01   1.090460e+00
   7.928985e-01   1.071812e+00
   8.087983e-01   9.047838e-01
   7.397359e-01   1.072572e+00
   9.055628e-01   8.302042e-01
   1.007632e+00   1.136330e+00
   1.001972e+00   1.010364e+00
   7.471432e-01   9.205016e-01
   7.534077e-01   1.026621e+00
   7.293615e-01   9.275189e-01
   6.801913e-01   1.239505e+00
   8.609826e-01   1.207891e+00
   9.261366e-01   1.025512e+00
   8.762907e-01   8.563821e-01
   7.321283e-01   9.464897e-01
   6.783536e-01   1.059511e+00
   7.209447e-01   9.790828e-01
   7.028569e-01   1.053515e+00
   1.022310e+00   1.070651e+00
   8.785984e-01   8.434135e-01
   1.042779e+00   1.195980e+00
   7.589228e-01   1.008693e+00
   7.302294e-01   1.021294e+00
   6.164598e-01   1.130500e+00
   8.567538e-01   1.042195e+00
   8.110006e-01   1.050356e+00
   8.301132e-01   9.605303e-01
   6.425042e-01   1.119709e+00
   7.899091e-01   1.081597e+00
   7.839867e-01   1.061203e+00
   8.572951e-01   9.440492e-01
   7.790537e-01   1.034130e+00
   8.819923e-01   1.166529e+00
   8.607526e-01   1.079474e+00
   6.764410e-01   9.957200e-01
   8.212193e-01   9.570746e-01
   8.030929e-01   1.078433e+00
   6.213967e-01   1.009041e+00
   9.470656e-01   9.619266e-01
   7.405897e-01   1.132279e+00
   8.033145e-01   1.021174e+00
   8.465832e-01   9.677481e-01
   6.385801e-01   1.117030e+00
   6.750732e-01   8.889960e-01
   8.204722e-01   1.221863e+00
   8.815930e-01   9.525503e-01
   6.484648e-01   1.167549e+00
   9.220502e-01   1.080088e+00
   9.231707e-01   1.129508e+00
   8.615465e-01   9.774202e-01
   8.811585e-01   1.005238e+00
   8.058971e-01   1.190742e+00
   7.008017e-01   9.923523e-01
   7.483329e-01   1.009375e+00
   5.682008e-01   9.569515e-01
   6.430619e-01   1.216879e+00
   9.620905e-01   1.109993e+00
   1.054622e+00   9.198821e-01
   7.832389e-01   1.040118e+00
   8.882544e-01   1.059470e+00
   6.977593e-01   1.083690e+00
   9.110777e-01   9.250926e-01
   7.421602e-01   1.159668e+00
   7.426692e-01   1.135169e+00
   7.670983e-01   9.151128e-01
   7.464616e-01   1.146334e+00
   8.159676e-01   1.072696e+00
   7.661492e-01   1.063405e+00
   7.795386e-01   1.070565e+00
   1.002504e+00   8.909010e-01
   8.616793e-01   1.024707e+00
   9.323561e-01   1.123195e+00
   8.602746e-01   1.113147e+00
   8.357824e-01   1.119022e+00
   8.422838e-01   1.046745e+00
   8.556070e-01   1.209206e+00
   8.095391e-01   9.148429e-01
   7.871027e-01   1.146068e+00
   8.710315e-01   1.036354e+00
   5.984745e-01   1.027906e+00
   8.054642e-01   9.185109e-01
   8.611741e-01   1.146403e+00
   6.000752e-01   9.069279e-01
   7.110138e-01   9.603172e-01
   7.621735e-01   8.489051e-01
   7.342974e-01   8.735324e-01
   9.718667e-01   1.085357e+00
   7.070611e-01   1.114689e+00
   9.833453e-01   1.072532e+00
   8.186976e-01   1.000486e+00
   8.394271e-01   1.079072e+00
   8.473944e-01   1.019936e+00
   6.960196e-01   1.024270e+00
   6.481988e-01   8.312935e-01
   8.751234e-01   1.150980e+00
   7.957524e-01   1.046767e+00
   6.571475e-01   1.155385e+00
   8.204465e-01   1.151785e+00
   8.220199e-01   9.854751e-01
   8.277128e-01   9.878369e-01
   6.928963e-01   8.524169e-01
   7.743387e-01   1.081108e+00
   5.746484e-01   9.228183e-01
   9.719428e-01   1.187896e+00
   9.336386e-01   1.139464e+00
   9.221474e-01   1.089652e+00
   9.277115e-01   1.091038e+00
   7.061833e-01   1.047640e+00
   6.882030e-01   1.176017e+00
   8.239758e-01   1.100803e+00
   9.006685e-01   1.200836e+00
   9.231918e-01   1.055164e+00
   6.530764e-01   9.476867e-01
   8.600321e-01   1.101727e+00
   6.650346e-01   1.012236e+00
   4.840769e-01   1.177243e+00
   8.466508e-01   1.097133e+00
   7.642886e-01   9.254898e-01
   8.006129e-01   9.815898e-01
   8.613594e-01   1.083568e+00
   8.463986e-01   1.136897e+00
   8.231581e-01   9.850937e-01
   7.200612e-01   1.147974e+00
   7.346661e-01   9.676758e-01
   7.884587e-01   1.133063e+00
   6.959797e-01   9.030714e-01
   7.875688e-01   1.166643e+00
   5.089734e-01   9.207501e-01
   8.327514e-01   1.020051e+00
   8.242221e-01   9.197933e-01
   8.389871e-01   9.144829e-01
   8.761535e-01   8.655665e-01
   8.430061e-01   1.099956e+00
   7.181150e-01   1.079779e+00
   6.378423e-01   1.002894e+00
   8.109233e-01   9.126158e-01
   8.823121e-01   1.171291e+00
   7.608282e-01   9.232863e-01
   7.444673e-01   1.145502e+00
   7.433682e-01   1.140086e+00
   1.088150e+00   1.048366e+00
   6.904289e-01   9.710894e-01
   7.620488e-01   9.988757e-01
   9.017603e-01   8.803465e-01
   7.510237e-01   1.070886e+00
   7.843270e-01   9.682723e-01
   7.499953e-01   1.208622e+00
   7.350345e-01   1.041094e+00
   6.875162e-01   1.004518e+00
   6.626071e-01   1.012295e+00
   8.127677e-01   1.030769e+00
   6.553405e-01   1.132703e+00
   7.895676e-01   9.591013e-01
   7.141619e-01   1.084692e+00
   8.033744e-01   1.047179e+00
   9.071750e-01   1.153416e+00
   8.537612e-01   9.313293e-01
   7.952743e-01   1.012488e+00
   6.817373e-01   8.777036e-01
   8.266556e-01   1.055830e+00
   6.831284e-01   1.016337e+00
   9.119233e-01   1.193686e+00
   6.128870e-01   9.974515e-01
   7.705281e-01   9.652711e-01
   5.931503e-01   1.021334e+00
   9.013612e-01   1.008824e+00
   7.537502e-01   1.146763e+00
   9.844335e-01   1.377492e+00
   8.545504e-01   1.044422e+00
   8.262330e-01   9.776713e-01
   8.324475e-01   9.833821e-01
   8.027317e-01   1.084040e+00
   7.610788e-01   1.242715e+00
   6.868422e-01   1.119614e+00
   8.108912e-01   1.037481e+00
   6.385740e-01   1.052851e+00
   8.087324e-01   1.088987e+00
   5.811891e-01   8.180312e-01
   7.063053e-01   1.085899e+00
   7.291696e-01   9.298672e-01
   7.526134e-01   1.102934e+00
   7.702021e-01   1.070953e+00
   6.338934e-01   1.092697e+00
   8.410469e-01   1.023572e+00
   7.244945e-01   1.181770e+00
   7.311951e-01   1.051175e+00
   1.029793e+00   1.142802e+00
   7.476239e-01   1.042080e+00
   8.571843e-01   9.306628e-01
   7.921217e-01   1.136462e+00
   9.215419e-01   9.373306e-01
   7.487916e-01   1.091398e+00
   6.654170e-01   9.765787e-01
   9.315721e-01   1.145156e+00
   8.291471e-01   1.181140e+00
   8.245576e-01   1.169080e+00
   6.915924e-01   9.779504e-01
   8.705387e-01   1.095720e+00
   7.417482e-01   1.073958e+00
   8.859373e-01   1.061260e+00
   7.405184e-01   8.975767e-01
   8.546654e-01   9.394620e-01
   8.388816e-01   9.292891e-01
   7.262517e-01   1.152738e+00
   7.998202e-01   1.316942e+00
   7.424667e-01   9.312152e-01
   8.174811e-01   9.689018e-01
   5.984891e-01   1.031105e+00
   6.178915e-01   1.128623e+00
   8.563262e-01   1.134932e+00
   8.613763e-01   1.035535e+00
   7.953974e-01   1.055276e+00
   9.524091e-01   1.051844e+00
   6.695900e-01   1.173245e+00
   7.792721e-01   1.103289e+00
   6.180130e-01   9.586643e-01
   6.665899e-01   1.098870e+00
   8.902609e-01   9.554359e-01
   8.358311e-01   1.058443e+00
   9.340951e-01   1.181942e+00
   7.135204e-01   1.021375e+00
   9.160161e-01   9.956499e-01
   7.551067e-01   1.010508e+00
   7.648715e-01   1.015685e+00
   8.293869e-01   9.327247e-01
   8.625181e-01   1.060441e+00
   7.198319e-01   1.065802e+00
   8.664288e-01   9.979703e-01
   8.210113e-01   1.167497e+00
   7.394823e-01   1.114409e+00
   7.483377e-01   1.108401e+00
   7.607214e-01   1.067207e+00
   7.878103e-01   1.157687e+00
   7.308054e-01   9.857075e-01
   8.289557e-01   1.027364e+00
   6.932532e-01   1.000735e+00
   9.342397e-01   1.198704e+00
   7.684163e-01   9.385908e-01
   7.688073e-01   9.650450e-01
   6.912730e-01   1.065009e+00
   7.262039e-01   9.107596e-01
   9.045275e-01   1.209919e+00
   6.929264e-01   1.012187e+00
   7.169307e-01   1.070371e+00
   7.639011e-01   1.178234e+00
   7.310040e-01   8.407320e-01
   7.692162e-01   1.139471e+00
   7.517288e-01   1.184093e+00
   7.886491e-01   1.280549e+00
   9.471850e-01   1.134862e+00
   6.759129e-01   1.138275e+00
   5.462627e-01   9.184354e-01
   8.566283e-01   1.054709e+00
   8.253554e-01   8.400501e-01
   8.896630e-01   1.119060e+00
   7.469238e-01   1.135373e+00
   9.003560e-01   1.167022e+00
   6.584479e-01   1.069797e+00
   9.551040e-01   1.133263e+00
   7.627979e-01   1.077423e+00
   6.023772e-01   1.086151e+00
   8.937206e-01   1.021879e+00
   5.766134e-01   1.079614e+00
   7.964953e-01   1.103701e+00
   8.895856e-01   1.022086e+00
   9.254059e-01   1.295876e+00
   7.588762e-01   1.178667e+00
   9.095020e-01   1.176873e+00
   7.800966e-01   1.072309e+00
   7.742442e-01   1.088565e+00
   8.142575e-01   1.088869e+00
   8.996396e-01   9.942467e-01
   8.782550e-01   1.072960e+00
   7.915943e-01   9.619131e-01
   8.538578e-01   1.053297e+00
   8.544038e-01   9.188145e-01
   8.057203e-01   1.000250e+00
   9.460712e-01   9.950614e-01
   8.517108e-01   1.009971e+00
   7.103075e-01   1.133507e+00
   7.249615e-01   9.997119e-01
   8.049543e-01   1.126532e+00
   6.876455e-01   1.119670e+00
   8.999327e-01   9.580844e-01
   8.622964e-01   9.964691e-01
   9.368574e-01   1.332850e+00
   9.115423e-01   9.869557e-01
   7.973056e-01   1.074029e+00
   9.193725e-01   1.072889e+00
   8.021667e-01   1.081676e+00
   8.240252e-01   1.024759e+00
   7.136478e-01   1.109760e+00
   9.775664e-01   9.213083e-01
   7.949378e-01   1.163044e+00
   8.200557e-01   1.097447e+00
   5.705736e-01   9.321324e-01
   8.528501e-01   1.015912e+00
   8.936469e-01   1.044319e+00
   6.313563e-01   9.391984e-01
   7.988063e-01   1.082516e+00
   8.943568e-01   9.550305e-01
   7.609062e-01   1.051331e+00
   8.147989e-01   1.023980e+00
   6.928945e-01   1.247111e+00
   5.792298e-01   1.099689e+00
   8.456572e-01   1.050139e+00
   7.922159e-01   1.030611e+00
   7.852851e-01   9.500133e-01
   7.843042e-01   1.064609e+00
   8.321095e-01   1.062149e+00
   7.881608e-01   1.000424e+00
   8.676991e-01   1.087794e+00
   8.590915e-01   1.051687e+00
   9.105254e-01   1.031332e+00
   7.653945e-01   1.161659e+00
   9.000639e-01   1.258386e+00
   8.965370e-01   1.051215e+00
   8.093470e-01   9.620595e-01
   6.893298e-01   1.210385e+00
   6.793264e-01   1.052657e+00
   6.212838e-01   9.417814e-01
   7.427109e-01   9.349082e-01
   6.362662e-01   9.404860e-01
   7.005375e-01   1.282301e+00
   5.687140e-01   9.098061e-01
   4.659774e-01   8.271126e-01
   5.834673e-01   9.201097e-01
   5.072277e-01   8.622140e-01
   7.324185e-01   6.722449e-01
   4.613366e-01   7.871496e-01
   5.013961e-01   7.147380e-01
   4.761374e-01   7.211479e-01
   5.549206e-01   5.999155e-01
   6.854669e-01   6.386393e-01
   6.033648e-01   8.572704e-01
   4.517743e-01   8.383564e-01
   4.320495e-01   7.741961e-01
   5.293884e-01   7.590527e-01
   5.507046e-01   7.644558e-01
   5.754578e-01   8.098336e-01
   5.885656e-01   6.985438e-01
   5.976800e-01   8.494795e-01
   5.805707e-01   7.238970e-01
   7.954037e-01   7.124312e-01
   5.090495e-01   8.255482e-01
   5.637559e-01   8.952832e-01
   5.644258e-01   8.666229e-01
   5.024042e-01   8.159111e-01
   5.257121e-01   6.812802e-01
   5.014695e-01   8.240309e-01
   5.753133e-01   6.814095e-01
   2.959433e-01   8.631119e-01
   6.449312e-01   8.319235e-01
   6.824192e-01   6.046274e-01
   6.443707e-01   7.286345e-01
   5.391633e-01   8.233774e-01
   7.502280e-01   6.897372e-01
   5.776159e-01   6.536694e-01
   6.134447e-01   8.331983e-01
   5.064278e-01   7.097959e-01
   4.794806e-01   6.488464e-01
   7.695213e-01   7.534463e-01
   3.189620e-01   1.019840e+00
   3.711579e-01   9.700979e-01
   5.685301e-01   9.264790e-01
   4.109987e-01   9.106665e-01
   4.490389e-01   9.441610e-01
   4.645171e-01   9.798711e-01
   5.941418e-01   6.647529e-01
   5.460228e-01   7.821483e-01
   5.991899e-01   7.100568e-01
   5.904116e-01   7.172127e-01
   5.663497e-01   9.974829e-01
   5.724239e-01   6.879132e-01
   5.697096e-01   7.343160e-01
   4.815805e-01   7.539945e-01
   4.652613e-01   8.149072e-01
   4.514584e-01   8.855669e-01
   5.281778e-01   7.309796e-01
   4.930701e-01   7.562422e-01
   4.355184e-01   7.616570e-01
   5.528753e-01   8.114581e-01
   6.018444e-01   7.676769e-01
   5.600132e-01   8.534562e-01
   4.743803e-01   7.753604e-01
   3.052239e-01   8.255440e-01
   5.219885e-01   7.974059e-01
   5.471656e-01   7.095317e-01
   7.006584e-01   4.707801e-01
   5.586185e-01   8.784227e-01
   5.180602e-01   8.094977e-01
   6.060629e-01   7.951388e-01
   4.433837e-01   7.377586e-01
   4.203020e-01   9.423670e-01
   6.833829e-01   6.395729e-01
   5.409211e-01   6.955176e-01
   5.114398e-01   8.211883e-01
   4.540597e-01   9.361883e-01
   5.804654e-01   6.345939e-01
   5.413960e-01   8.698727e-01
   6.769217e-01   7.807178e-01
   5.036425e-01   6.687003e-01
   7.022720e-01   6.435283e-01
   5.578618e-01   6.934833e-01
   3.887525e-01   1.097803e+00
   4.492917e-01   9.361455e-01
   4.426998e-01   8.684907e-01
   4.955903e-01   9.361662e-01
   4.142977e-01   7.607794e-01
   6.119720e-01   5.909282e-01
   7.274814e-01   7.790870e-01
   5.981804e-01   6.772643e-01
   4.153298e-01   1.019306e+00
   5.194430e-01   8.156286e-01
   5.576571e-01   7.446846e-01
   6.504028e-01   8.084347e-01
   4.667413e-01   7.942051e-01
   6.849366e-01   6.733057e-01
   4.405780e-01   9.023677e-01
   5.233481e-01   8.797534e-01
   3.357436e-01   9.060493e-01
   4.898890e-01   8.371106e-01
   4.042780e-01   7.785740e-01
   5.353081e-01   7.965387e-01
   4.996869e-01   8.937803e-01
   4.462391e-01   1.049491e+00
   3.638121e-01   8.746273e-01
   7.382816e-01   5.424853e-01
   5.875321e-01   8.584453e-01
   5.951958e-01   5.942661e-01
   4.570470e-01   8.593517e-01
   4.042196e-01   8.008685e-01
   5.748871e-01   7.761608e-01
   6.973612e-01   7.480571e-01
   5.637548e-01   8.977309e-01
   5.152736e-01   6.403592e-01
   6.139935e-01   6.041562e-01
   4.175870e-01   8.666622e-01
   5.190160e-01   7.522130e-01
   4.459542e-01   7.625715e-01
   5.294991e-01   8.115665e-01
   5.144957e-01   7.003323e-01
   6.334648e-01   6.257535e-01
   4.203365e-01   9.471091e-01
   3.695471e-01   8.824324e-01
   6.010349e-01   5.752929e-01
   8.075721e-01   5.469390e-01
   4.843739e-01   8.006360e-01
   4.891289e-01   8.030455e-01
   3.953863e-01   8.765216e-01
   6.448443e-01   8.149256e-01
   4.911609e-01   8.942330e-01
   4.198520e-01   7.497734e-01
   3.112680e-01   7.175143e-01
   6.635269e-01   5.128290e-01
   6.483935e-01   8.059785e-01
   4.052537e-01   8.894929e-01
   4.096393e-01   9.415908e-01
   4.255944e-01   8.364566e-01
   2.787517e-01   8.135598e-01
   4.861340e-01   1.035751e+00
   4.495247e-01   8.438975e-01
   7.039703e-01   6.213639e-01
   4.746529e-01   7.460751e-01
   5.816572e-01   7.456967e-01
   4.314609e-01   7.773783e-01
   6.139365e-01   6.969676e-01
   5.180870e-01   7.904459e-01
   4.154003e-01   7.596718e-01
   6.660625e-01   6.886973e-01
   5.856022e-01   7.730450e-01
   5.590753e-01   8.565725e-01
   6.668494e-01   5.492575e-01
   5.221380e-01   7.906297e-01
   3.456485e-01   8.087319e-01
   5.835060e-01   7.475077e-01
   5.179703e-01   5.737954e-01
   5.970453e-01   8.514622e-01
   7.315638e-01   6.810516e-01
   5.904023e-01   6.964053e-01
   5.027888e-01   7.726636e-01
   3.650534e-01   8.159882e-01
   5.988400e-01   7.004807e-01
   5.518470e-01   7.348923e-01
   3.385619e-01   7.208157e-01
   4.327257e-01   7.864981e-01
   5.086192e-01   8.906394e-01
   5.377443e-01   8.118173e-01
   6.827446e-01   5.945910e-01
   5.385602e-01   8.022993e-01
   5.658593e-01   6.589048e-01
   5.973709e-01   8.152707e-01
   6.385915e-01   7.808213e-01
   7.651152e-01   8.293870e-01
   4.479793e-01   9.125575e-01
   5.650807e-01   6.694226e-01
   3.607002e-01   9.151931e-01
   5.501527e-01   8.501836e-01
   6.066410e-01   7.385485e-01
   7.482004e-01   4.760367e-01
   5.090644e-01   9.172310e-01
   5.205199e-01   7.213669e-01
   6.764272e-01   6.925709e-01
   3.901680e-01   7.856518e-01
   6.048620e-01   7.475165e-01
   6.080896e-01   6.740543e-01
   5.588973e-01   7.667125e-01
   5.492124e-01   7.165832e-01
   6.872128e-01   6.529155e-01
   5.230978e-01   6.706016e-01
   4.430925e-01   9.518043e-01
   4.012516e-01   9.188368e-01
   6.003278e-01   5.594646e-01
   7.327537e-01   8.464632e-01
   4.207259e-01   7.935040e-01
   6.094762e-01   8.074256e-01
   4.840559e-01   8.195046e-01
   6.619397e-01   8.090957e-01
   6.560106e-01   8.110287e-01
   6.428430e-01   7.721872e-01
   4.659131e-01   8.897541e-01
   6.103562e-01   8.283542e-01
   7.344891e-01   7.977491e-01
   4.996104e-01   7.460318e-01
   7.891952e-01   7.154759e-01
   4.207921e-01   7.615057e-01
   5.034893e-01   7.881413e-01
   3.935014e-01   8.009281e-01
   4.799253e-01   6.884101e-01
   4.492795e-01   8.904314e-01
   5.193208e-01   9.237890e-01
   6.546365e-01   8.195473e-01
   5.752033e-01   9.092730e-01
   6.531801e-01   7.982342e-01
   4.255579e-01   8.380108e-01
   4.168995e-01   7.980887e-01
   4.501690e-01   6.739585e-01
   2.757832e-01   1.053470e+00
   6.291468e-01   5.541051e-01
   7.169999e-01   6.316063e-01
   6.153961e-01   6.730867e-01
   6.236708e-01   7.405617e-01
   4.567598e-01   8.698176e-01
   5.406123e-01   8.381020e-01
   3.580216e-01   6.885463e-01
   3.569867e-01   9.366406e-01
   3.561200e-01   7.306264e-01
   4.384961e-01   9.278461e-01
   5.430875e-01   5.432723e-01
   3.043325e-01   9.172773e-01
   3.611457e-01   8.228430e-01
   6.639982e-01   6.440193e-01
   6.055856e-01   7.219764e-01
   5.841952e-01   7.916231e-01
   3.805091e-01   9.999211e-01
   4.271338e-01   8.962186e-01
   4.648910e-01   7.212750e-01
   6.130391e-01   7.968112e-01
   3.032491e-01   9.938608e-01
   4.889160e-01   9.047439e-01
   6.851781e-01   7.378050e-01
   5.400792e-01   8.250358e-01
   5.738633e-01   6.810360e-01
   4.892751e-01   7.846231e-01
   4.177953e-01   1.115205e+00
   6.877203e-01   7.420625e-01
   5.984534e-01   7.935458e-01
   6.420453e-01   7.627352e-01
   4.142050e-01   1.003145e+00
   5.585178e-01   7.045525e-01
   5.487877e-01   9.501080e-01
   6.617753e-01   6.537305e-01
   4.698578e-01   9.231667e-01
   3.920214e-01   9.605214e-01
   4.130721e-01   8.644477e-01
   5.676900e-01   8.770344e-01
   5.717026e-01   9.337568e-01
   5.015149e-01   1.071480e+00
   6.697541e-01   7.350847e-01
   7.610471e-01   6.945473e-01
   5.373828e-01   8.799712e-01
   5.683070e-01   6.952147e-01
   4.969933e-01   8.440986e-01
   5.393366e-01   7.198772e-01
   6.220289e-01   8.725521e-01
   5.960047e-01   9.065883e-01
   4.206557e-01   9.333464e-01
   6.126675e-01   7.064770e-01
   5.093626e-01   8.121332e-01
   3.350061e-01   9.978367e-01
   1.657612e-01   9.660616e-01
   5.419494e-01   6.417778e-01
   6.489124e-01   6.497175e-01
   4.788460e-01   7.565206e-01
   6.167995e-01   6.785945e-01
   6.218173e-01   7.274969e-01
   7.220841e-01   6.611211e-01
   6.377385e-01   6.640146e-01
   6.204201e-01   7.262780e-01
   4.238560e-01   8.416202e-01
   6.408427e-01   8.537754e-01
   3.621445e-01   8.458133e-01
   6.752008e-01   7.792100e-01
   5.197404e-01   7.184826e-01
   4.538524e-01   7.138723e-01
   5.914180e-01   6.672660e-01
   3.832328e-01   9.733577e-01
   5.765065e-01   7.014620e-01
   4.138001e-01   8.320398e-01
   6.133466e-01   7.883542e-01
   5.460185e-01   6.357006e-01
   4.926886e-01   6.499042e-01
   3.422711e-01   9.696621e-01
   4.291145e-01   8.696211e-01
   3.841044e-01   7.031761e-01
   3.151185e-01   7.991297e-01
   7.438650e-01   6.903069e-01
   5.006985e-01   6.075319e-01
   5.985206e-01   7.247245e-01
   5.156463e-01   7.596798e-01
   6.320473e-01   6.691688e-01
   5.914363e-01   6.370336e-01
   4.499701e-01   8.668743e-01
   6.055688e-01   8.202982e-01
   6.622877e-01   8.931686e-01
   6.661231e-01   8.821816e-01
   3.549445e-01   8.827960e-01
   4.296289e-01   7.605875e-01
   5.881560e-01   6.366720e-01
   4.622208e-01   8.306680e-01
   4.077726e-01   8.862037e-01
   5.177592e-01   7.017926e-01
   4.409727e-01   8.916667e-01
   3.165008e-01   7.930449e-01
   2.295265e-01   8.387229e-01
   4.537343e-01   6.364275e-01
   6.329145e-01   8.135361e-01
   6.091233e-01   4.614557e-01
   5.669812e-01   8.147934e-01
   5.072492e-01   8.576718e-01
   4.769620e-01   8.238390e-01
   6.526433e-01   7.374781e-01
   4.922936e-01   7.610531e-01
   6.749509e-01   6.924522e-01
   4.403995e-01   1.066175e+00
   4.589054e-01   9.272169e-01
   5.579557e-01   9.017197e-01
   5.914095e-01   7.201923e-01
   5.305601e-01   6.945367e-01
   5.669371e-01   9.402986e-01
   3.502821e-01   9.243782e-01
   6.097985e-01   5.314796e-01
   4.676932e-01   7.224675e-01
   5.694778e-01   8.021208e-01
   6.804348e-01   7.421932e-01
   6.066550e-01   6.487438e-01
   5.684749e-01   8.494741e-01
   3.562155e-01   7.534228e-01
   6.603391e-01   7.422515e-01
   5.812149e-01   8.122205e-01
   3.536014e-01   8.801069e-01
   6.664118e-01   6.642912e-01
   5.473888e-01   4.721261e-01
   5.558968e-01   8.193334e-01
   6.859371e-01   8.325591e-01
   5.030209e-01   9.039629e-01
   5.462151e-01   5.740588e-01
   5.521830e-01   7.589298e-01
   1.104914e+00   8.318115e-01
   7.442541e-01   6.139774e-01
   8.421947e-01   7.414133e-01
   1.073551e+00   9.565762e-01
   1.134289e+00   7.994137e-01
   1.047391e+00   8.056618e-01
   8.042986e-01   6.967585e-01
   1.240885e+00   8.546697e-01
   8.163834e-01   4.342932e-01
   1.094830e+00   8.472062e-01
   1.283484e+00   9.895959e-01
   9.321534e-01   4.909584e-01
   1.218050e+00   9.022532e-01
   1.089169e+00   9.278866e-01
   1.124238e+00   7.884189e-01
   1.327755e+00   1.154223e+00
   9.187416e-01   6.572749e-01
   1.270793e+00   9.061084e-01
   9.643203e-01   7.741687e-01
   9.897076e-01   7.736543e-01
   9.026095e-01   7.111331e-01
   1.141184e+00   1.041053e+00
   1.010841e+00   6.134050e-01
   1.054169e+00   8.650038e-01
   8.005068e-01   5.703549e-01
   8.835880e-01   6.800869e-01
   8.775561e-01   5.728609e-01
   1.157936e+00   9.563972e-01
   7.733532e-01   5.523719e-01
   8.040713e-01   6.541730e-01
   1.357247e+00   9.070944e-01
   1.146867e+00   7.379302e-01
   1.223096e+00   9.886681e-01
   1.217413e+00   9.333876e-01
   9.273455e-01   5.902022e-01
   1.220564e+00   8.325482e-01
   1.365965e+00   1.168677e+00
   8.220999e-01   3.656657e-01
   9.327363e-01   4.770109e-01
   1.183787e+00   9.553381e-01
   8.876551e-01   5.541795e-01
   1.103461e+00   9.362216e-01
   1.244283e+00   9.336514e-01
   1.344019e+00   1.054493e+00
   1.110267e+00   8.987959e-01
   1.110421e+00   7.552815e-01
   1.216026e+00   1.033983e+00
   1.174281e+00   7.343164e-01
   8.069769e-01   5.786802e-01
   9.674128e-01   6.749942e-01
   1.009852e+00   8.028398e-01
   1.005927e+00   6.334901e-01
   1.184085e+00   7.532436e-01
   8.781867e-01   7.048859e-01
   9.980738e-01   7.710994e-01
   8.630291e-01   6.270174e-01
   7.132285e-01   3.945233e-01
   1.139489e+00   6.920949e-01
   9.403050e-01   7.218062e-01
   1.054363e+00   9.864890e-01
   9.917189e-01   5.538202e-01
   8.832550e-01   6.333672e-01
   8.875982e-01   7.181806e-01
   8.052865e-01   6.033339e-01
   9.103405e-01   6.122808e-01
   1.014113e+00   6.172489e-01
   1.084683e+00   8.442471e-01
   1.289225e+00   9.284251e-01
   1.178200e+00   8.697127e-01
   1.179593e+00   7.923333e-01
   1.195838e+00   9.312294e-01
   1.248282e+00   9.384358e-01
   1.297828e+00   1.102943e+00
   9.865220e-01   8.217597e-01
   8.039467e-01   5.828639e-01
   1.146468e+00   8.912731e-01
   8.868043e-01   5.452759e-01
   1.001802e+00   5.844459e-01
   9.287986e-01   5.896238e-01
   1.129794e+00   9.800405e-01
   6.618092e-01   6.449611e-01
   1.034098e+00   9.269959e-01
   1.177466e+00   9.858926e-01
   9.333233e-01   7.864732e-01
   1.253166e+00   8.087244e-01
   1.096567e+00   7.551555e-01
   1.468318e+00   9.096049e-01
   5.328958e-01   2.576687e-01
   9.828341e-01   5.042741e-01
   8.946705e-01   8.170914e-01
   1.287356e+00   1.032430e+00
   1.177098e+00   8.722054e-01
   8.838618e-01   5.355874e-01
   1.129476e+00   9.743914e-01
   1.013700e+00   7.289726e-01
   1.321616e+00   9.943720e-01
   9.825853e-01   7.597225e-01
   1.023637e+00   7.326511e-01
   8.956344e-01   6.532274e-01
   9.816073e-01   7.394059e-01
   1.307571e+00   1.060719e+00
   1.020730e+00   8.239128e-01
   9.396653e-01   7.441902e-01
   1.108824e+00   8.054889e-01
   1.004857e+00   6.705612e-01
   1.170013e+00   7.572361e-01
   7.005106e-01   6.815432e-01
   1.105099e+00   7.389981e-01
   7.610224e-01   4.763486e-01
   1.170029e+00   8.822912e-01
   1.159126e+00   8.124223e-01
   9.390825e-01   8.579003e-01
   1.040156e+00   8.251157e-01
   9.740406e-01   9.506065e-01
   8.435247e-01   6.861662e-01
   8.195892e-01   5.682620e-01
   9.318799e-01   5.102002e-01
   1.060785e+00   7.249294e-01
   9.378804e-01   6.128445e-01
   1.381530e+00   1.112927e+00
   1.209682e+00   8.290777e-01
   1.219517e+00   1.079821e+00
   7.569125e-01   4.805749e-01
   7.316062e-01   3.487187e-01
   1.072663e+00   8.169608e-01
   1.321253e+00   1.276258e+00
   8.611300e-01   7.931804e-01
   1.209680e+00   8.564705e-01
   9.138121e-01   9.586740e-01
   1.067642e+00   6.398407e-01
   1.124327e+00   8.013653e-01
   1.169786e+00   9.293816e-01
   1.160973e+00   9.298491e-01
   1.444418e+00   1.208870e+00
   9.849836e-01   8.950363e-01
   1.615942e+00   1.331200e+00
   9.713874e-01   7.732616e-01
   1.075632e+00   8.902249e-01
   1.372244e+00   9.308659e-01
   1.042538e+00   6.983717e-01
   1.129075e+00   8.939373e-01
   1.176410e+00   9.078093e-01
   7.029632e-01   4.628717e-01
   7.860534e-01   6.824562e-01
   1.111668e+00   8.161562e-01
   1.029037e+00   7.787902e-01
   8.394393e-01   6.860602e-01
   8.155277e-01   6.257885e-01
   1.524373e+00   1.255008e+00
   8.367762e-01   6.494165e-01
   4.288067e-01   3.459546e-01
   1.171525e+00   9.270168e-01
   1.125151e+00   8.469123e-01
   1.000010e+00   9.160341e-01
   1.248240e+00   1.013497e+00
   9.361821e-01   7.943125e-01
   1.039163e+00   8.616631e-01
   1.012293e+00   8.391017e-01
   1.093804e+00   8.196233e-01
   1.209214e+00   1.021542e+00
   1.226555e+00   1.007211e+00
   9.741895e-01   7.955474e-01
   9.579623e-01   7.451269e-01
   1.378367e+00   1.080006e+00
   1.258110e+00   9.779604e-01
   9.896789e-01   6.811890e-01
   1.093052e+00   8.611038e-01
   1.006825e+00   6.942512e-01
   1.313816e+00   1.201044e+00
   1.432065e+00   9.028621e-01
   1.154217e+00   1.046562e+00
   1.222806e+00   7.881959e-01
   1.284782e+00   1.044702e+00
   1.084460e+00   7.284981e-01
   1.154166e+00   8.569942e-01
   1.027045e+00   6.007568e-01
   1.034795e+00   8.510187e-01
   1.342078e+00   9.632092e-01
   8.046154e-01   5.117510e-01
   1.271684e+00   9.534228e-01
   1.176784e+00   7.746581e-01
   1.125643e+00   8.680498e-01
   1.397539e+00   9.963075e-01
   8.409953e-01   6.014015e-01
   1.351448e+00   1.092958e+00
   1.123483e+00   9.171800e-01
   9.708569e-01   7.270195e-01
   1.136013e+00   8.228837e-01
   1.230892e+00   1.035416e+00
   8.643114e-01   5.756706e-01
   1.175355e+00   9.216185e-01
   1.005262e+00   7.614540e-01
   1.276286e+00   8.918669e-01
   8.129298e-01   6.496475e-01
   7.684744e-01   4.637752e-01
   1.331547e+00   1.034317e+00
   1.184815e+00   8.983526e-01
   1.205547e+00   1.018886e+00
   1.343578e+00   8.919629e-01
   1.278804e+00   1.143723e+00
   1.056568e+00   7.682739e-01
   9.520974e-01   8.297695e-01
   1.196059e+00   8.815640e-01
   7.832436e-01   5.802633e-01
   1.049740e+00   8.795072e-01
   8.403917e-01   4.337994e-01
   1.089600e+00   8.041105e-01
   8.890751e-01   4.009332e-01
   7.442986e-01   3.585589e-01
   8.821101e-01   7.895511e-01
   9.109654e-01   5.586173e-01
   1.212456e+00   8.609192e-01
   1.180722e+00   9.178572e-01
   9.762262e-01   8.266657e-01
   1.094387e+00   8.020452e-01
   9.091194e-01   6.097861e-01
   8.357819e-01   7.683880e-01
   8.316977e-01   7.285519e-01
   1.273676e+00   9.275745e-01
   9.507395e-01   6.358506e-01
   1.185689e+00   7.172139e-01
   7.560001e-01   5.389254e-01
   1.219974e+00   8.946224e-01
   8.149534e-01   5.539414e-01
   9.483883e-01   7.632135e-01
   1.123883e+00   1.089041e+00
   8.380859e-01   7.629005e-01
   1.073355e+00   8.961289e-01
   1.007462e+00   7.259243e-01
   1.121911e+00   9.448378e-01
   9.312312e-01   6.382939e-01
   1.109448e+00   1.024942e+00
   1.380079e+00   9.329751e-01
   1.049846e+00   9.048378e-01
   9.650153e-01   6.786493e-01
   9.554824e-01   8.440414e-01
   7.809884e-01   4.446546e-01
   1.104363e+00   9.271227e-01
   1.144286e+00   8.765693e-01
   1.035917e+00   6.749877e-01
   1.262258e+00   1.002103e+00
   1.347707e+00   9.972322e-01
   9.869590e-01   8.815422e-01
   1.065145e+00   8.405172e-01
   1.177015e+00   1.082001e+00
   1.149997e+00   8.864759e-01
   7.379227e-01   4.055086e-01
   1.351848e+00   1.167001e+00
   9.772702e-01   9.063828e-01
   1.160658e+00   8.644037e-01
   1.232830e+00   1.061032e+00
   7.091199e-01   4.282478e-01
   1.206253e+00   1.144923e+00
   1.126781e+00   9.646536e-01
   8.347085e-01   6.343337e-01
   1.027638e+00   7.261083e-01
   1.000572e+00   7.238583e-01
   1.180822e+00   8.160667e-01
   1.207669e+00   8.771741e-01
   1.044618e+00   7.705882e-01
   8.052641e-01   6.363207e-01
   1.129073e+00   7.124645e-01
   1.291884e+00   1.090760e+00
   1.161127e+00   7.923804e-01
   1.282087e+00   1.049175e+00
   1.146457e+00   9.787673e-01
   1.193970e+00   1.153550e+00
   1.204548e+00   1.051461e+00
   8.944236e-01   6.247581e-01
   1.294331e+00   1.144717e+00
   7.853254e-01   4.956609e-01
   1.108727e+00   9.255000e-01
   1.192281e+00   6.296300e-01
   9.228607e-01   7.801602e-01
   1.249687e+00   8.310477e-01
   7.620288e-01   5.484580e-01
   9.532919e-01   8.206651e-01
   9.927079e-01   6.349028e-01
   1.323098e+00   9.702968e-01
   1.325743e+00   1.188896e+00
   1.228627e+00   7.770836e-01
   1.076529e+00   6.747969e-01
   1.331004e+00   1.060489e+00
   1.512635e+00   1.169519e+00
   9.563901e-01   7.127737e-01
   8.573134e-01   5.664113e-01
   1.418475e+00   9.780055e-01
   1.553102e+00   1.181415e+00
   1.173659e+00   9.455778e-01
   1.341616e+00   1.051781e+00
   8.716078e-01   4.850661e-01
   1.397719e+00   1.105272e+00
   1.177174e+00   8.072005e-01
   8.154396e-01   5.296988e-01
   1.000956e+00   7.020320e-01
   9.999946e-01   7.371228e-01
   1.302922e+00   7.774888e-01
   1.126237e+00   8.192366e-01
   6.956139e-01   4.280253e-01
   1.188109e+00   8.093684e-01
   8.100741e-01   6.125583e-01
   1.044286e+00   6.380867e-01
   1.154204e+00   9.919045e-01
   1.389031e+00   1.040057e+00
   9.366133e-01   6.933936e-01
   1.310131e+00   9.123920e-01
   1.007932e+00   7.723005e-01
   1.044985e+00   8.324172e-01
   1.176445e+00   1.065025e+00
   1.033694e+00   6.881340e-01
   9.255618e-01   8.669160e-01
   1.069756e+00   8.263512e-01
   1.143264e+00   8.408851e-01
   1.039357e+00   7.841755e-01
   1.116800e+00   1.060822e+00
   8.982242e-01   8.201254e-01
