         3		1.119554e+02		1.923044e+04		1.934240e+04
         4		1.496722e+02		1.923765e+04		1.938733e+04
         5		1.723382e+02		1.924241e+04		1.941475e+04
         6		2.034131e+02		1.924711e+04		1.945052e+04
         7		2.159488e+02		1.925848e+04		1.947443e+04
         8		2.492669e+02		1.927732e+04		1.952659e+04
         9		2.618746e+02		1.926452e+04		1.952639e+04
        10		2.921103e+02		1.927219e+04		1.956430e+04
        11		3.190603e+02		1.929399e+04		1.961305e+04
        12		3.383035e+02		1.929710e+04		1.963540e+04
        13		3.625703e+02		1.929952e+04		1.966209e+04
        14		3.954889e+02		1.932175e+04		1.971723e+04
        15		3.988722e+02		1.930728e+04		1.970616e+04
